1911
(
(0.000000 ( -0.042650 0.000000 0.000000 ))
(0.015700 ( -0.043136 0.000000 0.000000 ))
(0.031400 ( -0.043623 0.000000 0.000000 ))
(0.047100 ( -0.044096 0.000000 0.000000 ))
(0.062800 ( -0.044569 0.000000 0.000000 ))
(0.078500 ( -0.045026 0.000000 0.000000 ))
(0.094200 ( -0.045483 0.000000 0.000000 ))
(0.109900 ( -0.045922 0.000000 0.000000 ))
(0.125600 ( -0.046360 0.000000 0.000000 ))
(0.141300 ( -0.046778 0.000000 0.000000 ))
(0.157000 ( -0.047195 0.000000 0.000000 ))
(0.172700 ( -0.047589 0.000000 0.000000 ))
(0.188400 ( -0.047983 0.000000 0.000000 ))
(0.204100 ( -0.048350 0.000000 0.000000 ))
(0.219800 ( -0.048718 0.000000 0.000000 ))
(0.235500 ( -0.049056 0.000000 0.000000 ))
(0.251200 ( -0.049395 0.000000 0.000000 ))
(0.266900 ( -0.049703 0.000000 0.000000 ))
(0.282600 ( -0.050010 0.000000 0.000000 ))
(0.298300 ( -0.050284 0.000000 0.000000 ))
(0.314000 ( -0.050558 0.000000 0.000000 ))
(0.329700 ( -0.050797 0.000000 0.000000 ))
(0.345400 ( -0.051035 0.000000 0.000000 ))
(0.361100 ( -0.051236 0.000000 0.000000 ))
(0.376800 ( -0.051437 0.000000 0.000000 ))
(0.392500 ( -0.051598 0.000000 0.000000 ))
(0.408200 ( -0.051759 0.000000 0.000000 ))
(0.423900 ( -0.051879 0.000000 0.000000 ))
(0.439600 ( -0.051998 0.000000 0.000000 ))
(0.455300 ( -0.052075 0.000000 0.000000 ))
(0.471000 ( -0.052151 0.000000 0.000000 ))
(0.486700 ( -0.052183 0.000000 0.000000 ))
(0.502400 ( -0.052215 0.000000 0.000000 ))
(0.518100 ( -0.052201 0.000000 0.000000 ))
(0.533800 ( -0.052187 0.000000 0.000000 ))
(0.549500 ( -0.052126 0.000000 0.000000 ))
(0.565200 ( -0.052065 0.000000 0.000000 ))
(0.580900 ( -0.051956 0.000000 0.000000 ))
(0.596600 ( -0.051847 0.000000 0.000000 ))
(0.612300 ( -0.051689 0.000000 0.000000 ))
(0.628000 ( -0.051532 0.000000 0.000000 ))
(0.643700 ( -0.051325 0.000000 0.000000 ))
(0.659400 ( -0.051119 0.000000 0.000000 ))
(0.675100 ( -0.050863 0.000000 0.000000 ))
(0.690800 ( -0.050606 0.000000 0.000000 ))
(0.706500 ( -0.050301 0.000000 0.000000 ))
(0.722200 ( -0.049995 0.000000 0.000000 ))
(0.737900 ( -0.049640 0.000000 0.000000 ))
(0.753600 ( -0.049284 0.000000 0.000000 ))
(0.769300 ( -0.048879 0.000000 0.000000 ))
(0.785000 ( -0.048474 0.000000 0.000000 ))
(0.800700 ( -0.048020 0.000000 0.000000 ))
(0.816400 ( -0.047566 0.000000 0.000000 ))
(0.832100 ( -0.047063 0.000000 0.000000 ))
(0.847800 ( -0.046560 0.000000 0.000000 ))
(0.863500 ( -0.046008 0.000000 0.000000 ))
(0.879200 ( -0.045457 0.000000 0.000000 ))
(0.894900 ( -0.044858 0.000000 0.000000 ))
(0.910600 ( -0.044259 0.000000 0.000000 ))
(0.926300 ( -0.043613 0.000000 0.000000 ))
(0.942000 ( -0.042968 0.000000 0.000000 ))
(0.957700 ( -0.042276 0.000000 0.000000 ))
(0.973400 ( -0.041585 0.000000 0.000000 ))
(0.989100 ( -0.040848 0.000000 0.000000 ))
(1.004800 ( -0.040112 0.000000 0.000000 ))
(1.020500 ( -0.039333 0.000000 0.000000 ))
(1.036200 ( -0.038553 0.000000 0.000000 ))
(1.051900 ( -0.037731 0.000000 0.000000 ))
(1.067600 ( -0.036909 0.000000 0.000000 ))
(1.083300 ( -0.036046 0.000000 0.000000 ))
(1.099000 ( -0.035184 0.000000 0.000000 ))
(1.114700 ( -0.034281 0.000000 0.000000 ))
(1.130400 ( -0.033379 0.000000 0.000000 ))
(1.146100 ( -0.032439 0.000000 0.000000 ))
(1.161800 ( -0.031499 0.000000 0.000000 ))
(1.177500 ( -0.030523 0.000000 0.000000 ))
(1.193200 ( -0.029546 0.000000 0.000000 ))
(1.208900 ( -0.028534 0.000000 0.000000 ))
(1.224600 ( -0.027522 0.000000 0.000000 ))
(1.240300 ( -0.026477 0.000000 0.000000 ))
(1.256000 ( -0.025431 0.000000 0.000000 ))
(1.271700 ( -0.024353 0.000000 0.000000 ))
(1.287400 ( -0.023275 0.000000 0.000000 ))
(1.303100 ( -0.022166 0.000000 0.000000 ))
(1.318800 ( -0.021057 0.000000 0.000000 ))
(1.334500 ( -0.019917 0.000000 0.000000 ))
(1.350200 ( -0.018777 0.000000 0.000000 ))
(1.365900 ( -0.017608 0.000000 0.000000 ))
(1.381600 ( -0.016439 0.000000 0.000000 ))
(1.397300 ( -0.015242 0.000000 0.000000 ))
(1.413000 ( -0.014044 0.000000 0.000000 ))
(1.428700 ( -0.012819 0.000000 0.000000 ))
(1.444400 ( -0.011593 0.000000 0.000000 ))
(1.460100 ( -0.010340 0.000000 0.000000 ))
(1.475800 ( -0.009087 0.000000 0.000000 ))
(1.491500 ( -0.007807 0.000000 0.000000 ))
(1.507200 ( -0.006527 0.000000 0.000000 ))
(1.522900 ( -0.005221 0.000000 0.000000 ))
(1.538600 ( -0.003914 0.000000 0.000000 ))
(1.554300 ( -0.002581 0.000000 0.000000 ))
(1.570000 ( -0.001247 0.000000 0.000000 ))
(1.585700 ( 0.000112 0.000000 0.000000 ))
(1.601400 ( 0.001472 0.000000 0.000000 ))
(1.617100 ( 0.002858 0.000000 0.000000 ))
(1.632800 ( 0.004244 0.000000 0.000000 ))
(1.648500 ( 0.005656 0.000000 0.000000 ))
(1.664200 ( 0.007068 0.000000 0.000000 ))
(1.679900 ( 0.008506 0.000000 0.000000 ))
(1.695600 ( 0.009944 0.000000 0.000000 ))
(1.711300 ( 0.011408 0.000000 0.000000 ))
(1.727000 ( 0.012872 0.000000 0.000000 ))
(1.742700 ( 0.014362 0.000000 0.000000 ))
(1.758400 ( 0.015852 0.000000 0.000000 ))
(1.774100 ( 0.017368 0.000000 0.000000 ))
(1.789800 ( 0.018884 0.000000 0.000000 ))
(1.805500 ( 0.020425 0.000000 0.000000 ))
(1.821200 ( 0.021966 0.000000 0.000000 ))
(1.836900 ( 0.023532 0.000000 0.000000 ))
(1.852600 ( 0.025099 0.000000 0.000000 ))
(1.868300 ( 0.026690 0.000000 0.000000 ))
(1.884000 ( 0.028281 0.000000 0.000000 ))
(1.899700 ( 0.029896 0.000000 0.000000 ))
(1.915400 ( 0.031512 0.000000 0.000000 ))
(1.931100 ( 0.033151 0.000000 0.000000 ))
(1.946800 ( 0.034790 0.000000 0.000000 ))
(1.962500 ( 0.036451 0.000000 0.000000 ))
(1.978200 ( 0.038113 0.000000 0.000000 ))
(1.993900 ( 0.039796 0.000000 0.000000 ))
(2.009600 ( 0.041479 0.000000 0.000000 ))
(2.025300 ( 0.043182 0.000000 0.000000 ))
(2.041000 ( 0.044886 0.000000 0.000000 ))
(2.056700 ( 0.046608 0.000000 0.000000 ))
(2.072400 ( 0.048330 0.000000 0.000000 ))
(2.088100 ( 0.050069 0.000000 0.000000 ))
(2.103800 ( 0.051809 0.000000 0.000000 ))
(2.119500 ( 0.053563 0.000000 0.000000 ))
(2.135200 ( 0.055317 0.000000 0.000000 ))
(2.150900 ( 0.057085 0.000000 0.000000 ))
(2.166600 ( 0.058853 0.000000 0.000000 ))
(2.182300 ( 0.060631 0.000000 0.000000 ))
(2.198000 ( 0.062410 0.000000 0.000000 ))
(2.213700 ( 0.064197 0.000000 0.000000 ))
(2.229400 ( 0.065984 0.000000 0.000000 ))
(2.245100 ( 0.067777 0.000000 0.000000 ))
(2.260800 ( 0.069569 0.000000 0.000000 ))
(2.276500 ( 0.071365 0.000000 0.000000 ))
(2.292200 ( 0.073161 0.000000 0.000000 ))
(2.307900 ( 0.074957 0.000000 0.000000 ))
(2.323600 ( 0.076752 0.000000 0.000000 ))
(2.339300 ( 0.078545 0.000000 0.000000 ))
(2.355000 ( 0.080338 0.000000 0.000000 ))
(2.370700 ( 0.082124 0.000000 0.000000 ))
(2.386400 ( 0.083910 0.000000 0.000000 ))
(2.402100 ( 0.085686 0.000000 0.000000 ))
(2.417800 ( 0.087463 0.000000 0.000000 ))
(2.433500 ( 0.089225 0.000000 0.000000 ))
(2.449200 ( 0.090988 0.000000 0.000000 ))
(2.464900 ( 0.092733 0.000000 0.000000 ))
(2.480600 ( 0.094478 0.000000 0.000000 ))
(2.496300 ( 0.096201 0.000000 0.000000 ))
(2.512000 ( 0.097924 0.000000 0.000000 ))
(2.527700 ( 0.099622 0.000000 0.000000 ))
(2.543400 ( 0.101320 0.000000 0.000000 ))
(2.559100 ( 0.102987 0.000000 0.000000 ))
(2.574800 ( 0.104655 0.000000 0.000000 ))
(2.590500 ( 0.106288 0.000000 0.000000 ))
(2.606200 ( 0.107921 0.000000 0.000000 ))
(2.621900 ( 0.109515 0.000000 0.000000 ))
(2.637600 ( 0.111109 0.000000 0.000000 ))
(2.653300 ( 0.112659 0.000000 0.000000 ))
(2.669000 ( 0.114208 0.000000 0.000000 ))
(2.684700 ( 0.115709 0.000000 0.000000 ))
(2.700400 ( 0.117210 0.000000 0.000000 ))
(2.716100 ( 0.118657 0.000000 0.000000 ))
(2.731800 ( 0.120104 0.000000 0.000000 ))
(2.747500 ( 0.121491 0.000000 0.000000 ))
(2.763200 ( 0.122879 0.000000 0.000000 ))
(2.778900 ( 0.124202 0.000000 0.000000 ))
(2.794600 ( 0.125526 0.000000 0.000000 ))
(2.810300 ( 0.126779 0.000000 0.000000 ))
(2.826000 ( 0.128033 0.000000 0.000000 ))
(2.841700 ( 0.129211 0.000000 0.000000 ))
(2.857400 ( 0.130389 0.000000 0.000000 ))
(2.873100 ( 0.131487 0.000000 0.000000 ))
(2.888800 ( 0.132585 0.000000 0.000000 ))
(2.904500 ( 0.133596 0.000000 0.000000 ))
(2.920200 ( 0.134608 0.000000 0.000000 ))
(2.935900 ( 0.135528 0.000000 0.000000 ))
(2.951600 ( 0.136449 0.000000 0.000000 ))
(2.967300 ( 0.137272 0.000000 0.000000 ))
(2.983000 ( 0.138096 0.000000 0.000000 ))
(2.998700 ( 0.138818 0.000000 0.000000 ))
(3.014400 ( 0.139539 0.000000 0.000000 ))
(3.030100 ( 0.140154 0.000000 0.000000 ))
(3.045800 ( 0.140769 0.000000 0.000000 ))
(3.061500 ( 0.141272 0.000000 0.000000 ))
(3.077200 ( 0.141775 0.000000 0.000000 ))
(3.092900 ( 0.142162 0.000000 0.000000 ))
(3.108600 ( 0.142549 0.000000 0.000000 ))
(3.124300 ( 0.142815 0.000000 0.000000 ))
(3.140000 ( 0.143081 0.000000 0.000000 ))
(3.155700 ( 0.143223 0.000000 0.000000 ))
(3.171400 ( 0.143365 0.000000 0.000000 ))
(3.187100 ( 0.143378 0.000000 0.000000 ))
(3.202800 ( 0.143391 0.000000 0.000000 ))
(3.218500 ( 0.143273 0.000000 0.000000 ))
(3.234200 ( 0.143155 0.000000 0.000000 ))
(3.249900 ( 0.142902 0.000000 0.000000 ))
(3.265600 ( 0.142650 0.000000 0.000000 ))
(3.281300 ( 0.142261 0.000000 0.000000 ))
(3.297000 ( 0.141871 0.000000 0.000000 ))
(3.312700 ( 0.141343 0.000000 0.000000 ))
(3.328400 ( 0.140814 0.000000 0.000000 ))
(3.344100 ( 0.140145 0.000000 0.000000 ))
(3.359800 ( 0.139476 0.000000 0.000000 ))
(3.375500 ( 0.138665 0.000000 0.000000 ))
(3.391200 ( 0.137853 0.000000 0.000000 ))
(3.406900 ( 0.136899 0.000000 0.000000 ))
(3.422600 ( 0.135944 0.000000 0.000000 ))
(3.438300 ( 0.134847 0.000000 0.000000 ))
(3.454000 ( 0.133749 0.000000 0.000000 ))
(3.469700 ( 0.132507 0.000000 0.000000 ))
(3.485400 ( 0.131266 0.000000 0.000000 ))
(3.501100 ( 0.129881 0.000000 0.000000 ))
(3.516800 ( 0.128496 0.000000 0.000000 ))
(3.532500 ( 0.126968 0.000000 0.000000 ))
(3.548200 ( 0.125441 0.000000 0.000000 ))
(3.563900 ( 0.123772 0.000000 0.000000 ))
(3.579600 ( 0.122103 0.000000 0.000000 ))
(3.595300 ( 0.120295 0.000000 0.000000 ))
(3.611000 ( 0.118486 0.000000 0.000000 ))
(3.626700 ( 0.116539 0.000000 0.000000 ))
(3.642400 ( 0.114593 0.000000 0.000000 ))
(3.658100 ( 0.112511 0.000000 0.000000 ))
(3.673800 ( 0.110430 0.000000 0.000000 ))
(3.689500 ( 0.108215 0.000000 0.000000 ))
(3.705200 ( 0.106001 0.000000 0.000000 ))
(3.720900 ( 0.103658 0.000000 0.000000 ))
(3.736600 ( 0.101315 0.000000 0.000000 ))
(3.752300 ( 0.098847 0.000000 0.000000 ))
(3.768000 ( 0.096379 0.000000 0.000000 ))
(3.783700 ( 0.093790 0.000000 0.000000 ))
(3.799400 ( 0.091201 0.000000 0.000000 ))
(3.815100 ( 0.088495 0.000000 0.000000 ))
(3.830800 ( 0.085790 0.000000 0.000000 ))
(3.846500 ( 0.082974 0.000000 0.000000 ))
(3.862200 ( 0.080157 0.000000 0.000000 ))
(3.877900 ( 0.077236 0.000000 0.000000 ))
(3.893600 ( 0.074314 0.000000 0.000000 ))
(3.909300 ( 0.071292 0.000000 0.000000 ))
(3.925000 ( 0.068271 0.000000 0.000000 ))
(3.940700 ( 0.065156 0.000000 0.000000 ))
(3.956400 ( 0.062042 0.000000 0.000000 ))
(3.972100 ( 0.058840 0.000000 0.000000 ))
(3.987800 ( 0.055639 0.000000 0.000000 ))
(4.003500 ( 0.052359 0.000000 0.000000 ))
(4.019200 ( 0.049078 0.000000 0.000000 ))
(4.034900 ( 0.045726 0.000000 0.000000 ))
(4.050600 ( 0.042373 0.000000 0.000000 ))
(4.066300 ( 0.038956 0.000000 0.000000 ))
(4.082000 ( 0.035539 0.000000 0.000000 ))
(4.097700 ( 0.032066 0.000000 0.000000 ))
(4.113400 ( 0.028593 0.000000 0.000000 ))
(4.129100 ( 0.025071 0.000000 0.000000 ))
(4.144800 ( 0.021549 0.000000 0.000000 ))
(4.160500 ( 0.017987 0.000000 0.000000 ))
(4.176200 ( 0.014424 0.000000 0.000000 ))
(4.191900 ( 0.010830 0.000000 0.000000 ))
(4.207600 ( 0.007236 0.000000 0.000000 ))
(4.223300 ( 0.003619 0.000000 0.000000 ))
(4.239000 ( 0.000001 0.000000 0.000000 ))
(4.254700 ( -0.003632 0.000000 0.000000 ))
(4.270400 ( -0.007264 0.000000 0.000000 ))
(4.286100 ( -0.010904 0.000000 0.000000 ))
(4.301800 ( -0.014543 0.000000 0.000000 ))
(4.317500 ( -0.018180 0.000000 0.000000 ))
(4.333200 ( -0.021818 0.000000 0.000000 ))
(4.348900 ( -0.025445 0.000000 0.000000 ))
(4.364600 ( -0.029073 0.000000 0.000000 ))
(4.380300 ( -0.032682 0.000000 0.000000 ))
(4.396000 ( -0.036291 0.000000 0.000000 ))
(4.411700 ( -0.039874 0.000000 0.000000 ))
(4.427400 ( -0.043457 0.000000 0.000000 ))
(4.443100 ( -0.047006 0.000000 0.000000 ))
(4.458800 ( -0.050554 0.000000 0.000000 ))
(4.474500 ( -0.054061 0.000000 0.000000 ))
(4.490200 ( -0.057568 0.000000 0.000000 ))
(4.505900 ( -0.061025 0.000000 0.000000 ))
(4.521600 ( -0.064483 0.000000 0.000000 ))
(4.537300 ( -0.067884 0.000000 0.000000 ))
(4.553000 ( -0.071285 0.000000 0.000000 ))
(4.568700 ( -0.074623 0.000000 0.000000 ))
(4.584400 ( -0.077961 0.000000 0.000000 ))
(4.600100 ( -0.081229 0.000000 0.000000 ))
(4.615800 ( -0.084496 0.000000 0.000000 ))
(4.631500 ( -0.087688 0.000000 0.000000 ))
(4.647200 ( -0.090880 0.000000 0.000000 ))
(4.662900 ( -0.093989 0.000000 0.000000 ))
(4.678600 ( -0.097099 0.000000 0.000000 ))
(4.694300 ( -0.100120 0.000000 0.000000 ))
(4.710000 ( -0.103142 0.000000 0.000000 ))
(4.725700 ( -0.106071 0.000000 0.000000 ))
(4.741400 ( -0.109000 0.000000 0.000000 ))
(4.757100 ( -0.111831 0.000000 0.000000 ))
(4.772800 ( -0.114662 0.000000 0.000000 ))
(4.788500 ( -0.117391 0.000000 0.000000 ))
(4.804200 ( -0.120120 0.000000 0.000000 ))
(4.819900 ( -0.122743 0.000000 0.000000 ))
(4.835600 ( -0.125366 0.000000 0.000000 ))
(4.851300 ( -0.127879 0.000000 0.000000 ))
(4.867000 ( -0.130392 0.000000 0.000000 ))
(4.882700 ( -0.132792 0.000000 0.000000 ))
(4.898400 ( -0.135191 0.000000 0.000000 ))
(4.914100 ( -0.137475 0.000000 0.000000 ))
(4.929800 ( -0.139759 0.000000 0.000000 ))
(4.945500 ( -0.141924 0.000000 0.000000 ))
(4.961200 ( -0.144089 0.000000 0.000000 ))
(4.976900 ( -0.146133 0.000000 0.000000 ))
(4.992600 ( -0.148177 0.000000 0.000000 ))
(5.008300 ( -0.150098 0.000000 0.000000 ))
(5.024000 ( -0.152020 0.000000 0.000000 ))
(5.039700 ( -0.153817 0.000000 0.000000 ))
(5.055400 ( -0.155614 0.000000 0.000000 ))
(5.071100 ( -0.157285 0.000000 0.000000 ))
(5.086800 ( -0.158957 0.000000 0.000000 ))
(5.102500 ( -0.160502 0.000000 0.000000 ))
(5.118200 ( -0.162047 0.000000 0.000000 ))
(5.133900 ( -0.163465 0.000000 0.000000 ))
(5.149600 ( -0.164883 0.000000 0.000000 ))
(5.165300 ( -0.166173 0.000000 0.000000 ))
(5.181000 ( -0.167464 0.000000 0.000000 ))
(5.196700 ( -0.168627 0.000000 0.000000 ))
(5.212400 ( -0.169789 0.000000 0.000000 ))
(5.228100 ( -0.170825 0.000000 0.000000 ))
(5.243800 ( -0.171860 0.000000 0.000000 ))
(5.259500 ( -0.172769 0.000000 0.000000 ))
(5.275200 ( -0.173677 0.000000 0.000000 ))
(5.290900 ( -0.174459 0.000000 0.000000 ))
(5.306600 ( -0.175240 0.000000 0.000000 ))
(5.322300 ( -0.175896 0.000000 0.000000 ))
(5.338000 ( -0.176552 0.000000 0.000000 ))
(5.353700 ( -0.177082 0.000000 0.000000 ))
(5.369400 ( -0.177613 0.000000 0.000000 ))
(5.385100 ( -0.178020 0.000000 0.000000 ))
(5.400800 ( -0.178426 0.000000 0.000000 ))
(5.416500 ( -0.178710 0.000000 0.000000 ))
(5.432200 ( -0.178993 0.000000 0.000000 ))
(5.447900 ( -0.179155 0.000000 0.000000 ))
(5.463600 ( -0.179316 0.000000 0.000000 ))
(5.479300 ( -0.179357 0.000000 0.000000 ))
(5.495000 ( -0.179397 0.000000 0.000000 ))
(5.510700 ( -0.179318 0.000000 0.000000 ))
(5.526400 ( -0.179239 0.000000 0.000000 ))
(5.542100 ( -0.179042 0.000000 0.000000 ))
(5.557800 ( -0.178844 0.000000 0.000000 ))
(5.573500 ( -0.178530 0.000000 0.000000 ))
(5.589200 ( -0.178215 0.000000 0.000000 ))
(5.604900 ( -0.177784 0.000000 0.000000 ))
(5.620600 ( -0.177354 0.000000 0.000000 ))
(5.636300 ( -0.176808 0.000000 0.000000 ))
(5.652000 ( -0.176262 0.000000 0.000000 ))
(5.667700 ( -0.175602 0.000000 0.000000 ))
(5.683400 ( -0.174943 0.000000 0.000000 ))
(5.699100 ( -0.174170 0.000000 0.000000 ))
(5.714800 ( -0.173398 0.000000 0.000000 ))
(5.730500 ( -0.172514 0.000000 0.000000 ))
(5.746200 ( -0.171630 0.000000 0.000000 ))
(5.761900 ( -0.170635 0.000000 0.000000 ))
(5.777600 ( -0.169640 0.000000 0.000000 ))
(5.793300 ( -0.168536 0.000000 0.000000 ))
(5.809000 ( -0.167431 0.000000 0.000000 ))
(5.824700 ( -0.166219 0.000000 0.000000 ))
(5.840400 ( -0.165006 0.000000 0.000000 ))
(5.856100 ( -0.163686 0.000000 0.000000 ))
(5.871800 ( -0.162366 0.000000 0.000000 ))
(5.887500 ( -0.160939 0.000000 0.000000 ))
(5.903200 ( -0.159513 0.000000 0.000000 ))
(5.918900 ( -0.157982 0.000000 0.000000 ))
(5.934600 ( -0.156451 0.000000 0.000000 ))
(5.950300 ( -0.154816 0.000000 0.000000 ))
(5.966000 ( -0.153181 0.000000 0.000000 ))
(5.981700 ( -0.151444 0.000000 0.000000 ))
(5.997400 ( -0.149707 0.000000 0.000000 ))
(6.013100 ( -0.147869 0.000000 0.000000 ))
(6.028800 ( -0.146032 0.000000 0.000000 ))
(6.044500 ( -0.144095 0.000000 0.000000 ))
(6.060200 ( -0.142159 0.000000 0.000000 ))
(6.075900 ( -0.140125 0.000000 0.000000 ))
(6.091600 ( -0.138092 0.000000 0.000000 ))
(6.107300 ( -0.135963 0.000000 0.000000 ))
(6.123000 ( -0.133834 0.000000 0.000000 ))
(6.138700 ( -0.131613 0.000000 0.000000 ))
(6.154400 ( -0.129391 0.000000 0.000000 ))
(6.170100 ( -0.127079 0.000000 0.000000 ))
(6.185800 ( -0.124766 0.000000 0.000000 ))
(6.201500 ( -0.122366 0.000000 0.000000 ))
(6.217200 ( -0.119965 0.000000 0.000000 ))
(6.232900 ( -0.117480 0.000000 0.000000 ))
(6.248600 ( -0.114994 0.000000 0.000000 ))
(6.264300 ( -0.112426 0.000000 0.000000 ))
(6.280000 ( -0.109857 0.000000 0.000000 ))
(6.295700 ( -0.107210 0.000000 0.000000 ))
(6.311400 ( -0.104562 0.000000 0.000000 ))
(6.327100 ( -0.101839 0.000000 0.000000 ))
(6.342800 ( -0.099116 0.000000 0.000000 ))
(6.358500 ( -0.096320 0.000000 0.000000 ))
(6.374200 ( -0.093524 0.000000 0.000000 ))
(6.389900 ( -0.090659 0.000000 0.000000 ))
(6.405600 ( -0.087795 0.000000 0.000000 ))
(6.421300 ( -0.084866 0.000000 0.000000 ))
(6.437000 ( -0.081937 0.000000 0.000000 ))
(6.452700 ( -0.078947 0.000000 0.000000 ))
(6.468400 ( -0.075958 0.000000 0.000000 ))
(6.484100 ( -0.072913 0.000000 0.000000 ))
(6.499800 ( -0.069867 0.000000 0.000000 ))
(6.515500 ( -0.066770 0.000000 0.000000 ))
(6.531200 ( -0.063673 0.000000 0.000000 ))
(6.546900 ( -0.060530 0.000000 0.000000 ))
(6.562600 ( -0.057386 0.000000 0.000000 ))
(6.578300 ( -0.054201 0.000000 0.000000 ))
(6.594000 ( -0.051015 0.000000 0.000000 ))
(6.609700 ( -0.047793 0.000000 0.000000 ))
(6.625400 ( -0.044571 0.000000 0.000000 ))
(6.641100 ( -0.041318 0.000000 0.000000 ))
(6.656800 ( -0.038064 0.000000 0.000000 ))
(6.672500 ( -0.034785 0.000000 0.000000 ))
(6.688200 ( -0.031506 0.000000 0.000000 ))
(6.703900 ( -0.028207 0.000000 0.000000 ))
(6.719600 ( -0.024907 0.000000 0.000000 ))
(6.735300 ( -0.021594 0.000000 0.000000 ))
(6.751000 ( -0.018280 0.000000 0.000000 ))
(6.766700 ( -0.014958 0.000000 0.000000 ))
(6.782400 ( -0.011636 0.000000 0.000000 ))
(6.798100 ( -0.008311 0.000000 0.000000 ))
(6.813800 ( -0.004987 0.000000 0.000000 ))
(6.829500 ( -0.001667 0.000000 0.000000 ))
(6.845200 ( 0.001654 0.000000 0.000000 ))
(6.860900 ( 0.004964 0.000000 0.000000 ))
(6.876600 ( 0.008274 0.000000 0.000000 ))
(6.892300 ( 0.011568 0.000000 0.000000 ))
(6.908000 ( 0.014862 0.000000 0.000000 ))
(6.923700 ( 0.018132 0.000000 0.000000 ))
(6.939400 ( 0.021403 0.000000 0.000000 ))
(6.955100 ( 0.024645 0.000000 0.000000 ))
(6.970800 ( 0.027886 0.000000 0.000000 ))
(6.986500 ( 0.031092 0.000000 0.000000 ))
(7.002200 ( 0.034298 0.000000 0.000000 ))
(7.017900 ( 0.037462 0.000000 0.000000 ))
(7.033600 ( 0.040626 0.000000 0.000000 ))
(7.049300 ( 0.043742 0.000000 0.000000 ))
(7.065000 ( 0.046857 0.000000 0.000000 ))
(7.080700 ( 0.049919 0.000000 0.000000 ))
(7.096400 ( 0.052980 0.000000 0.000000 ))
(7.112100 ( 0.055981 0.000000 0.000000 ))
(7.127800 ( 0.058982 0.000000 0.000000 ))
(7.143500 ( 0.061917 0.000000 0.000000 ))
(7.159200 ( 0.064852 0.000000 0.000000 ))
(7.174900 ( 0.067715 0.000000 0.000000 ))
(7.190600 ( 0.070579 0.000000 0.000000 ))
(7.206300 ( 0.073364 0.000000 0.000000 ))
(7.222000 ( 0.076150 0.000000 0.000000 ))
(7.237700 ( 0.078853 0.000000 0.000000 ))
(7.253400 ( 0.081556 0.000000 0.000000 ))
(7.269100 ( 0.084172 0.000000 0.000000 ))
(7.284800 ( 0.086787 0.000000 0.000000 ))
(7.300500 ( 0.089310 0.000000 0.000000 ))
(7.316200 ( 0.091833 0.000000 0.000000 ))
(7.331900 ( 0.094258 0.000000 0.000000 ))
(7.347600 ( 0.096684 0.000000 0.000000 ))
(7.363300 ( 0.099008 0.000000 0.000000 ))
(7.379000 ( 0.101333 0.000000 0.000000 ))
(7.394700 ( 0.103551 0.000000 0.000000 ))
(7.410400 ( 0.105770 0.000000 0.000000 ))
(7.426100 ( 0.107880 0.000000 0.000000 ))
(7.441800 ( 0.109989 0.000000 0.000000 ))
(7.457500 ( 0.111986 0.000000 0.000000 ))
(7.473200 ( 0.113983 0.000000 0.000000 ))
(7.488900 ( 0.115864 0.000000 0.000000 ))
(7.504600 ( 0.117746 0.000000 0.000000 ))
(7.520300 ( 0.119508 0.000000 0.000000 ))
(7.536000 ( 0.121271 0.000000 0.000000 ))
(7.551700 ( 0.122913 0.000000 0.000000 ))
(7.567400 ( 0.124554 0.000000 0.000000 ))
(7.583100 ( 0.126073 0.000000 0.000000 ))
(7.598800 ( 0.127591 0.000000 0.000000 ))
(7.614500 ( 0.128985 0.000000 0.000000 ))
(7.630200 ( 0.130378 0.000000 0.000000 ))
(7.645900 ( 0.131646 0.000000 0.000000 ))
(7.661600 ( 0.132913 0.000000 0.000000 ))
(7.677300 ( 0.134053 0.000000 0.000000 ))
(7.693000 ( 0.135192 0.000000 0.000000 ))
(7.708700 ( 0.136204 0.000000 0.000000 ))
(7.724400 ( 0.137215 0.000000 0.000000 ))
(7.740100 ( 0.138098 0.000000 0.000000 ))
(7.755800 ( 0.138981 0.000000 0.000000 ))
(7.771500 ( 0.139736 0.000000 0.000000 ))
(7.787200 ( 0.140490 0.000000 0.000000 ))
(7.802900 ( 0.141116 0.000000 0.000000 ))
(7.818600 ( 0.141742 0.000000 0.000000 ))
(7.834300 ( 0.142240 0.000000 0.000000 ))
(7.850000 ( 0.142738 0.000000 0.000000 ))
(7.865700 ( 0.143110 0.000000 0.000000 ))
(7.881400 ( 0.143481 0.000000 0.000000 ))
(7.897100 ( 0.143727 0.000000 0.000000 ))
(7.912800 ( 0.143972 0.000000 0.000000 ))
(7.928500 ( 0.144093 0.000000 0.000000 ))
(7.944200 ( 0.144215 0.000000 0.000000 ))
(7.959900 ( 0.144213 0.000000 0.000000 ))
(7.975600 ( 0.144212 0.000000 0.000000 ))
(7.991300 ( 0.144090 0.000000 0.000000 ))
(8.007000 ( 0.143968 0.000000 0.000000 ))
(8.022700 ( 0.143728 0.000000 0.000000 ))
(8.038400 ( 0.143487 0.000000 0.000000 ))
(8.054100 ( 0.143130 0.000000 0.000000 ))
(8.069800 ( 0.142774 0.000000 0.000000 ))
(8.085500 ( 0.142303 0.000000 0.000000 ))
(8.101200 ( 0.141832 0.000000 0.000000 ))
(8.116900 ( 0.141251 0.000000 0.000000 ))
(8.132600 ( 0.140669 0.000000 0.000000 ))
(8.148300 ( 0.139979 0.000000 0.000000 ))
(8.164000 ( 0.139289 0.000000 0.000000 ))
(8.179700 ( 0.138494 0.000000 0.000000 ))
(8.195400 ( 0.137699 0.000000 0.000000 ))
(8.211100 ( 0.136801 0.000000 0.000000 ))
(8.226800 ( 0.135903 0.000000 0.000000 ))
(8.242500 ( 0.134907 0.000000 0.000000 ))
(8.258200 ( 0.133910 0.000000 0.000000 ))
(8.273900 ( 0.132818 0.000000 0.000000 ))
(8.289600 ( 0.131726 0.000000 0.000000 ))
(8.305300 ( 0.130542 0.000000 0.000000 ))
(8.321000 ( 0.129358 0.000000 0.000000 ))
(8.336700 ( 0.128085 0.000000 0.000000 ))
(8.352400 ( 0.126812 0.000000 0.000000 ))
(8.368100 ( 0.125455 0.000000 0.000000 ))
(8.383800 ( 0.124098 0.000000 0.000000 ))
(8.399500 ( 0.122661 0.000000 0.000000 ))
(8.415200 ( 0.121223 0.000000 0.000000 ))
(8.430900 ( 0.119709 0.000000 0.000000 ))
(8.446600 ( 0.118196 0.000000 0.000000 ))
(8.462300 ( 0.116610 0.000000 0.000000 ))
(8.478000 ( 0.115025 0.000000 0.000000 ))
(8.493700 ( 0.113373 0.000000 0.000000 ))
(8.509400 ( 0.111721 0.000000 0.000000 ))
(8.525100 ( 0.110007 0.000000 0.000000 ))
(8.540800 ( 0.108292 0.000000 0.000000 ))
(8.556500 ( 0.106522 0.000000 0.000000 ))
(8.572200 ( 0.104751 0.000000 0.000000 ))
(8.587900 ( 0.102928 0.000000 0.000000 ))
(8.603600 ( 0.101106 0.000000 0.000000 ))
(8.619300 ( 0.099238 0.000000 0.000000 ))
(8.635000 ( 0.097369 0.000000 0.000000 ))
(8.650700 ( 0.095461 0.000000 0.000000 ))
(8.666400 ( 0.093552 0.000000 0.000000 ))
(8.682100 ( 0.091609 0.000000 0.000000 ))
(8.697800 ( 0.089666 0.000000 0.000000 ))
(8.713500 ( 0.087694 0.000000 0.000000 ))
(8.729200 ( 0.085722 0.000000 0.000000 ))
(8.744900 ( 0.083727 0.000000 0.000000 ))
(8.760600 ( 0.081732 0.000000 0.000000 ))
(8.776300 ( 0.079720 0.000000 0.000000 ))
(8.792000 ( 0.077708 0.000000 0.000000 ))
(8.807700 ( 0.075684 0.000000 0.000000 ))
(8.823400 ( 0.073660 0.000000 0.000000 ))
(8.839100 ( 0.071630 0.000000 0.000000 ))
(8.854800 ( 0.069600 0.000000 0.000000 ))
(8.870500 ( 0.067569 0.000000 0.000000 ))
(8.886200 ( 0.065538 0.000000 0.000000 ))
(8.901900 ( 0.063511 0.000000 0.000000 ))
(8.917600 ( 0.061484 0.000000 0.000000 ))
(8.933300 ( 0.059465 0.000000 0.000000 ))
(8.949000 ( 0.057446 0.000000 0.000000 ))
(8.964700 ( 0.055441 0.000000 0.000000 ))
(8.980400 ( 0.053435 0.000000 0.000000 ))
(8.996100 ( 0.051446 0.000000 0.000000 ))
(9.011800 ( 0.049457 0.000000 0.000000 ))
(9.027500 ( 0.047488 0.000000 0.000000 ))
(9.043200 ( 0.045520 0.000000 0.000000 ))
(9.058900 ( 0.043574 0.000000 0.000000 ))
(9.074600 ( 0.041629 0.000000 0.000000 ))
(9.090300 ( 0.039709 0.000000 0.000000 ))
(9.106000 ( 0.037790 0.000000 0.000000 ))
(9.121700 ( 0.035899 0.000000 0.000000 ))
(9.137400 ( 0.034008 0.000000 0.000000 ))
(9.153100 ( 0.032147 0.000000 0.000000 ))
(9.168800 ( 0.030286 0.000000 0.000000 ))
(9.184500 ( 0.028457 0.000000 0.000000 ))
(9.200200 ( 0.026627 0.000000 0.000000 ))
(9.215900 ( 0.024831 0.000000 0.000000 ))
(9.231600 ( 0.023035 0.000000 0.000000 ))
(9.247300 ( 0.021272 0.000000 0.000000 ))
(9.263000 ( 0.019510 0.000000 0.000000 ))
(9.278700 ( 0.017782 0.000000 0.000000 ))
(9.294400 ( 0.016054 0.000000 0.000000 ))
(9.310100 ( 0.014361 0.000000 0.000000 ))
(9.325800 ( 0.012668 0.000000 0.000000 ))
(9.341500 ( 0.011011 0.000000 0.000000 ))
(9.357200 ( 0.009354 0.000000 0.000000 ))
(9.372900 ( 0.007733 0.000000 0.000000 ))
(9.388600 ( 0.006111 0.000000 0.000000 ))
(9.404300 ( 0.004526 0.000000 0.000000 ))
(9.420000 ( 0.002941 0.000000 0.000000 ))
(9.435700 ( 0.001392 0.000000 0.000000 ))
(9.451400 ( -0.000157 0.000000 0.000000 ))
(9.467100 ( -0.001669 0.000000 0.000000 ))
(9.482800 ( -0.003181 0.000000 0.000000 ))
(9.498500 ( -0.004656 0.000000 0.000000 ))
(9.514200 ( -0.006131 0.000000 0.000000 ))
(9.529900 ( -0.007568 0.000000 0.000000 ))
(9.545600 ( -0.009005 0.000000 0.000000 ))
(9.561300 ( -0.010404 0.000000 0.000000 ))
(9.577000 ( -0.011803 0.000000 0.000000 ))
(9.592700 ( -0.013164 0.000000 0.000000 ))
(9.608400 ( -0.014524 0.000000 0.000000 ))
(9.624100 ( -0.015845 0.000000 0.000000 ))
(9.639800 ( -0.017166 0.000000 0.000000 ))
(9.655500 ( -0.018447 0.000000 0.000000 ))
(9.671200 ( -0.019728 0.000000 0.000000 ))
(9.686900 ( -0.020968 0.000000 0.000000 ))
(9.702600 ( -0.022208 0.000000 0.000000 ))
(9.718300 ( -0.023406 0.000000 0.000000 ))
(9.734000 ( -0.024605 0.000000 0.000000 ))
(9.749700 ( -0.025761 0.000000 0.000000 ))
(9.765400 ( -0.026917 0.000000 0.000000 ))
(9.781100 ( -0.028030 0.000000 0.000000 ))
(9.796800 ( -0.029143 0.000000 0.000000 ))
(9.812500 ( -0.030213 0.000000 0.000000 ))
(9.828200 ( -0.031282 0.000000 0.000000 ))
(9.843900 ( -0.032307 0.000000 0.000000 ))
(9.859600 ( -0.033332 0.000000 0.000000 ))
(9.875300 ( -0.034312 0.000000 0.000000 ))
(9.891000 ( -0.035291 0.000000 0.000000 ))
(9.906700 ( -0.036226 0.000000 0.000000 ))
(9.922400 ( -0.037160 0.000000 0.000000 ))
(9.938100 ( -0.038048 0.000000 0.000000 ))
(9.953800 ( -0.038936 0.000000 0.000000 ))
(9.969500 ( -0.039778 0.000000 0.000000 ))
(9.985200 ( -0.040619 0.000000 0.000000 ))
(10.000900 ( -0.041414 0.000000 0.000000 ))
(10.016600 ( -0.042208 0.000000 0.000000 ))
(10.032300 ( -0.042955 0.000000 0.000000 ))
(10.048000 ( -0.043702 0.000000 0.000000 ))
(10.063700 ( -0.044402 0.000000 0.000000 ))
(10.079400 ( -0.045101 0.000000 0.000000 ))
(10.095100 ( -0.045753 0.000000 0.000000 ))
(10.110800 ( -0.046404 0.000000 0.000000 ))
(10.126500 ( -0.047008 0.000000 0.000000 ))
(10.142200 ( -0.047612 0.000000 0.000000 ))
(10.157900 ( -0.048167 0.000000 0.000000 ))
(10.173600 ( -0.048723 0.000000 0.000000 ))
(10.189300 ( -0.049231 0.000000 0.000000 ))
(10.205000 ( -0.049738 0.000000 0.000000 ))
(10.220700 ( -0.050198 0.000000 0.000000 ))
(10.236400 ( -0.050658 0.000000 0.000000 ))
(10.252100 ( -0.051070 0.000000 0.000000 ))
(10.267800 ( -0.051482 0.000000 0.000000 ))
(10.283500 ( -0.051846 0.000000 0.000000 ))
(10.299200 ( -0.052211 0.000000 0.000000 ))
(10.314900 ( -0.052529 0.000000 0.000000 ))
(10.330600 ( -0.052846 0.000000 0.000000 ))
(10.346300 ( -0.053118 0.000000 0.000000 ))
(10.362000 ( -0.053389 0.000000 0.000000 ))
(10.377700 ( -0.053614 0.000000 0.000000 ))
(10.393400 ( -0.053839 0.000000 0.000000 ))
(10.409100 ( -0.054018 0.000000 0.000000 ))
(10.424800 ( -0.054198 0.000000 0.000000 ))
(10.440500 ( -0.054332 0.000000 0.000000 ))
(10.456200 ( -0.054467 0.000000 0.000000 ))
(10.471900 ( -0.054557 0.000000 0.000000 ))
(10.487600 ( -0.054646 0.000000 0.000000 ))
(10.503300 ( -0.054692 0.000000 0.000000 ))
(10.519000 ( -0.054738 0.000000 0.000000 ))
(10.534700 ( -0.054739 0.000000 0.000000 ))
(10.550400 ( -0.054741 0.000000 0.000000 ))
(10.566100 ( -0.054699 0.000000 0.000000 ))
(10.581800 ( -0.054658 0.000000 0.000000 ))
(10.597500 ( -0.054573 0.000000 0.000000 ))
(10.613200 ( -0.054487 0.000000 0.000000 ))
(10.628900 ( -0.054359 0.000000 0.000000 ))
(10.644600 ( -0.054231 0.000000 0.000000 ))
(10.660300 ( -0.054060 0.000000 0.000000 ))
(10.676000 ( -0.053888 0.000000 0.000000 ))
(10.691700 ( -0.053674 0.000000 0.000000 ))
(10.707400 ( -0.053460 0.000000 0.000000 ))
(10.723100 ( -0.053203 0.000000 0.000000 ))
(10.738800 ( -0.052946 0.000000 0.000000 ))
(10.754500 ( -0.052646 0.000000 0.000000 ))
(10.770200 ( -0.052347 0.000000 0.000000 ))
(10.785900 ( -0.052005 0.000000 0.000000 ))
(10.801600 ( -0.051664 0.000000 0.000000 ))
(10.817300 ( -0.051280 0.000000 0.000000 ))
(10.833000 ( -0.050896 0.000000 0.000000 ))
(10.848700 ( -0.050471 0.000000 0.000000 ))
(10.864400 ( -0.050047 0.000000 0.000000 ))
(10.880100 ( -0.049581 0.000000 0.000000 ))
(10.895800 ( -0.049116 0.000000 0.000000 ))
(10.911500 ( -0.048611 0.000000 0.000000 ))
(10.927200 ( -0.048106 0.000000 0.000000 ))
(10.942900 ( -0.047562 0.000000 0.000000 ))
(10.958600 ( -0.047019 0.000000 0.000000 ))
(10.974300 ( -0.046439 0.000000 0.000000 ))
(10.990000 ( -0.045858 0.000000 0.000000 ))
(11.005700 ( -0.045243 0.000000 0.000000 ))
(11.021400 ( -0.044627 0.000000 0.000000 ))
(11.037100 ( -0.043978 0.000000 0.000000 ))
(11.052800 ( -0.043329 0.000000 0.000000 ))
(11.068500 ( -0.042650 0.000000 0.000000 ))
(11.084200 ( -0.041970 0.000000 0.000000 ))
(11.099900 ( -0.041262 0.000000 0.000000 ))
(11.115600 ( -0.040554 0.000000 0.000000 ))
(11.131300 ( -0.039820 0.000000 0.000000 ))
(11.147000 ( -0.039086 0.000000 0.000000 ))
(11.162700 ( -0.038330 0.000000 0.000000 ))
(11.178400 ( -0.037574 0.000000 0.000000 ))
(11.194100 ( -0.036798 0.000000 0.000000 ))
(11.209800 ( -0.036023 0.000000 0.000000 ))
(11.225500 ( -0.035232 0.000000 0.000000 ))
(11.241200 ( -0.034440 0.000000 0.000000 ))
(11.256900 ( -0.033637 0.000000 0.000000 ))
(11.272600 ( -0.032834 0.000000 0.000000 ))
(11.288300 ( -0.032022 0.000000 0.000000 ))
(11.304000 ( -0.031210 0.000000 0.000000 ))
(11.319700 ( -0.030394 0.000000 0.000000 ))
(11.335400 ( -0.029577 0.000000 0.000000 ))
(11.351100 ( -0.028760 0.000000 0.000000 ))
(11.366800 ( -0.027942 0.000000 0.000000 ))
(11.382500 ( -0.027128 0.000000 0.000000 ))
(11.398200 ( -0.026313 0.000000 0.000000 ))
(11.413900 ( -0.025505 0.000000 0.000000 ))
(11.429600 ( -0.024697 0.000000 0.000000 ))
(11.445300 ( -0.023899 0.000000 0.000000 ))
(11.461000 ( -0.023101 0.000000 0.000000 ))
(11.476700 ( -0.022316 0.000000 0.000000 ))
(11.492400 ( -0.021532 0.000000 0.000000 ))
(11.508100 ( -0.020764 0.000000 0.000000 ))
(11.523800 ( -0.019996 0.000000 0.000000 ))
(11.539500 ( -0.019248 0.000000 0.000000 ))
(11.555200 ( -0.018499 0.000000 0.000000 ))
(11.570900 ( -0.017774 0.000000 0.000000 ))
(11.586600 ( -0.017048 0.000000 0.000000 ))
(11.602300 ( -0.016347 0.000000 0.000000 ))
(11.618000 ( -0.015647 0.000000 0.000000 ))
(11.633700 ( -0.014973 0.000000 0.000000 ))
(11.649400 ( -0.014300 0.000000 0.000000 ))
(11.665100 ( -0.013657 0.000000 0.000000 ))
(11.680800 ( -0.013013 0.000000 0.000000 ))
(11.696500 ( -0.012401 0.000000 0.000000 ))
(11.712200 ( -0.011789 0.000000 0.000000 ))
(11.727900 ( -0.011210 0.000000 0.000000 ))
(11.743600 ( -0.010631 0.000000 0.000000 ))
(11.759300 ( -0.010086 0.000000 0.000000 ))
(11.775000 ( -0.009542 0.000000 0.000000 ))
(11.790700 ( -0.009033 0.000000 0.000000 ))
(11.806400 ( -0.008525 0.000000 0.000000 ))
(11.822100 ( -0.008052 0.000000 0.000000 ))
(11.837800 ( -0.007580 0.000000 0.000000 ))
(11.853500 ( -0.007145 0.000000 0.000000 ))
(11.869200 ( -0.006710 0.000000 0.000000 ))
(11.884900 ( -0.006313 0.000000 0.000000 ))
(11.900600 ( -0.005916 0.000000 0.000000 ))
(11.916300 ( -0.005556 0.000000 0.000000 ))
(11.932000 ( -0.005196 0.000000 0.000000 ))
(11.947700 ( -0.004874 0.000000 0.000000 ))
(11.963400 ( -0.004552 0.000000 0.000000 ))
(11.979100 ( -0.004267 0.000000 0.000000 ))
(11.994800 ( -0.003982 0.000000 0.000000 ))
(12.010500 ( -0.003733 0.000000 0.000000 ))
(12.026200 ( -0.003485 0.000000 0.000000 ))
(12.041900 ( -0.003272 0.000000 0.000000 ))
(12.057600 ( -0.003058 0.000000 0.000000 ))
(12.073300 ( -0.002880 0.000000 0.000000 ))
(12.089000 ( -0.002701 0.000000 0.000000 ))
(12.104700 ( -0.002555 0.000000 0.000000 ))
(12.120400 ( -0.002409 0.000000 0.000000 ))
(12.136100 ( -0.002294 0.000000 0.000000 ))
(12.151800 ( -0.002180 0.000000 0.000000 ))
(12.167500 ( -0.002095 0.000000 0.000000 ))
(12.183200 ( -0.002010 0.000000 0.000000 ))
(12.198900 ( -0.001953 0.000000 0.000000 ))
(12.214600 ( -0.001896 0.000000 0.000000 ))
(12.230300 ( -0.001865 0.000000 0.000000 ))
(12.246000 ( -0.001834 0.000000 0.000000 ))
(12.261700 ( -0.001827 0.000000 0.000000 ))
(12.277400 ( -0.001819 0.000000 0.000000 ))
(12.293100 ( -0.001834 0.000000 0.000000 ))
(12.308800 ( -0.001848 0.000000 0.000000 ))
(12.324500 ( -0.001882 0.000000 0.000000 ))
(12.340200 ( -0.001916 0.000000 0.000000 ))
(12.355900 ( -0.001967 0.000000 0.000000 ))
(12.371600 ( -0.002018 0.000000 0.000000 ))
(12.387300 ( -0.002084 0.000000 0.000000 ))
(12.403000 ( -0.002150 0.000000 0.000000 ))
(12.418700 ( -0.002227 0.000000 0.000000 ))
(12.434400 ( -0.002305 0.000000 0.000000 ))
(12.450100 ( -0.002393 0.000000 0.000000 ))
(12.465800 ( -0.002480 0.000000 0.000000 ))
(12.481500 ( -0.002574 0.000000 0.000000 ))
(12.497200 ( -0.002668 0.000000 0.000000 ))
(12.512900 ( -0.002766 0.000000 0.000000 ))
(12.528600 ( -0.002865 0.000000 0.000000 ))
(12.544300 ( -0.002964 0.000000 0.000000 ))
(12.560000 ( -0.003063 0.000000 0.000000 ))
(12.575700 ( -0.003161 0.000000 0.000000 ))
(12.591400 ( -0.003258 0.000000 0.000000 ))
(12.607100 ( -0.003352 0.000000 0.000000 ))
(12.622800 ( -0.003445 0.000000 0.000000 ))
(12.638500 ( -0.003531 0.000000 0.000000 ))
(12.654200 ( -0.003617 0.000000 0.000000 ))
(12.669900 ( -0.003694 0.000000 0.000000 ))
(12.685600 ( -0.003770 0.000000 0.000000 ))
(12.701300 ( -0.003835 0.000000 0.000000 ))
(12.717000 ( -0.003899 0.000000 0.000000 ))
(12.732700 ( -0.003950 0.000000 0.000000 ))
(12.748400 ( -0.004000 0.000000 0.000000 ))
(12.764100 ( -0.004034 0.000000 0.000000 ))
(12.779800 ( -0.004068 0.000000 0.000000 ))
(12.795500 ( -0.004084 0.000000 0.000000 ))
(12.811200 ( -0.004100 0.000000 0.000000 ))
(12.826900 ( -0.004097 0.000000 0.000000 ))
(12.842600 ( -0.004093 0.000000 0.000000 ))
(12.858300 ( -0.004068 0.000000 0.000000 ))
(12.874000 ( -0.004044 0.000000 0.000000 ))
(12.889700 ( -0.003997 0.000000 0.000000 ))
(12.905400 ( -0.003950 0.000000 0.000000 ))
(12.921100 ( -0.003880 0.000000 0.000000 ))
(12.936800 ( -0.003809 0.000000 0.000000 ))
(12.952500 ( -0.003715 0.000000 0.000000 ))
(12.968200 ( -0.003621 0.000000 0.000000 ))
(12.983900 ( -0.003502 0.000000 0.000000 ))
(12.999600 ( -0.003384 0.000000 0.000000 ))
(13.015300 ( -0.003240 0.000000 0.000000 ))
(13.031000 ( -0.003097 0.000000 0.000000 ))
(13.046700 ( -0.002929 0.000000 0.000000 ))
(13.062400 ( -0.002761 0.000000 0.000000 ))
(13.078100 ( -0.002568 0.000000 0.000000 ))
(13.093800 ( -0.002376 0.000000 0.000000 ))
(13.109500 ( -0.002160 0.000000 0.000000 ))
(13.125200 ( -0.001943 0.000000 0.000000 ))
(13.140900 ( -0.001704 0.000000 0.000000 ))
(13.156600 ( -0.001464 0.000000 0.000000 ))
(13.172300 ( -0.001203 0.000000 0.000000 ))
(13.188000 ( -0.000941 0.000000 0.000000 ))
(13.203700 ( -0.000658 0.000000 0.000000 ))
(13.219400 ( -0.000375 0.000000 0.000000 ))
(13.235100 ( -0.000073 0.000000 0.000000 ))
(13.250800 ( 0.000229 0.000000 0.000000 ))
(13.266500 ( 0.000549 0.000000 0.000000 ))
(13.282200 ( 0.000870 0.000000 0.000000 ))
(13.297900 ( 0.001206 0.000000 0.000000 ))
(13.313600 ( 0.001542 0.000000 0.000000 ))
(13.329300 ( 0.001892 0.000000 0.000000 ))
(13.345000 ( 0.002242 0.000000 0.000000 ))
(13.360700 ( 0.002604 0.000000 0.000000 ))
(13.376400 ( 0.002966 0.000000 0.000000 ))
(13.392100 ( 0.003337 0.000000 0.000000 ))
(13.407800 ( 0.003708 0.000000 0.000000 ))
(13.423500 ( 0.004087 0.000000 0.000000 ))
(13.439200 ( 0.004465 0.000000 0.000000 ))
(13.454900 ( 0.004848 0.000000 0.000000 ))
(13.470600 ( 0.005231 0.000000 0.000000 ))
(13.486300 ( 0.005616 0.000000 0.000000 ))
(13.502000 ( 0.006000 0.000000 0.000000 ))
(13.517700 ( 0.006384 0.000000 0.000000 ))
(13.533400 ( 0.006768 0.000000 0.000000 ))
(13.549100 ( 0.007149 0.000000 0.000000 ))
(13.564800 ( 0.007530 0.000000 0.000000 ))
(13.580500 ( 0.007905 0.000000 0.000000 ))
(13.596200 ( 0.008280 0.000000 0.000000 ))
(13.611900 ( 0.008647 0.000000 0.000000 ))
(13.627600 ( 0.009014 0.000000 0.000000 ))
(13.643300 ( 0.009370 0.000000 0.000000 ))
(13.659000 ( 0.009725 0.000000 0.000000 ))
(13.674700 ( 0.010067 0.000000 0.000000 ))
(13.690400 ( 0.010409 0.000000 0.000000 ))
(13.706100 ( 0.010735 0.000000 0.000000 ))
(13.721800 ( 0.011060 0.000000 0.000000 ))
(13.737500 ( 0.011367 0.000000 0.000000 ))
(13.753200 ( 0.011673 0.000000 0.000000 ))
(13.768900 ( 0.011958 0.000000 0.000000 ))
(13.784600 ( 0.012244 0.000000 0.000000 ))
(13.800300 ( 0.012505 0.000000 0.000000 ))
(13.816000 ( 0.012767 0.000000 0.000000 ))
(13.831700 ( 0.013003 0.000000 0.000000 ))
(13.847400 ( 0.013239 0.000000 0.000000 ))
(13.863100 ( 0.013447 0.000000 0.000000 ))
(13.878800 ( 0.013655 0.000000 0.000000 ))
(13.894500 ( 0.013834 0.000000 0.000000 ))
(13.910200 ( 0.014013 0.000000 0.000000 ))
(13.925900 ( 0.014161 0.000000 0.000000 ))
(13.941600 ( 0.014309 0.000000 0.000000 ))
(13.957300 ( 0.014424 0.000000 0.000000 ))
(13.973000 ( 0.014540 0.000000 0.000000 ))
(13.988700 ( 0.014623 0.000000 0.000000 ))
(14.004400 ( 0.014706 0.000000 0.000000 ))
(14.020100 ( 0.014755 0.000000 0.000000 ))
(14.035800 ( 0.014804 0.000000 0.000000 ))
(14.051500 ( 0.014819 0.000000 0.000000 ))
(14.067200 ( 0.014834 0.000000 0.000000 ))
(14.082900 ( 0.014815 0.000000 0.000000 ))
(14.098600 ( 0.014796 0.000000 0.000000 ))
(14.114300 ( 0.014744 0.000000 0.000000 ))
(14.130000 ( 0.014691 0.000000 0.000000 ))
(14.145700 ( 0.014606 0.000000 0.000000 ))
(14.161400 ( 0.014520 0.000000 0.000000 ))
(14.177100 ( 0.014403 0.000000 0.000000 ))
(14.192800 ( 0.014285 0.000000 0.000000 ))
(14.208500 ( 0.014137 0.000000 0.000000 ))
(14.224200 ( 0.013989 0.000000 0.000000 ))
(14.239900 ( 0.013812 0.000000 0.000000 ))
(14.255600 ( 0.013635 0.000000 0.000000 ))
(14.271300 ( 0.013430 0.000000 0.000000 ))
(14.287000 ( 0.013226 0.000000 0.000000 ))
(14.302700 ( 0.012997 0.000000 0.000000 ))
(14.318400 ( 0.012767 0.000000 0.000000 ))
(14.334100 ( 0.012515 0.000000 0.000000 ))
(14.349800 ( 0.012263 0.000000 0.000000 ))
(14.365500 ( 0.011990 0.000000 0.000000 ))
(14.381200 ( 0.011717 0.000000 0.000000 ))
(14.396900 ( 0.011425 0.000000 0.000000 ))
(14.412600 ( 0.011134 0.000000 0.000000 ))
(14.428300 ( 0.010826 0.000000 0.000000 ))
(14.444000 ( 0.010519 0.000000 0.000000 ))
(14.459700 ( 0.010197 0.000000 0.000000 ))
(14.475400 ( 0.009876 0.000000 0.000000 ))
(14.491100 ( 0.009543 0.000000 0.000000 ))
(14.506800 ( 0.009210 0.000000 0.000000 ))
(14.522500 ( 0.008868 0.000000 0.000000 ))
(14.538200 ( 0.008525 0.000000 0.000000 ))
(14.553900 ( 0.008175 0.000000 0.000000 ))
(14.569600 ( 0.007825 0.000000 0.000000 ))
(14.585300 ( 0.007469 0.000000 0.000000 ))
(14.601000 ( 0.007113 0.000000 0.000000 ))
(14.616700 ( 0.006754 0.000000 0.000000 ))
(14.632400 ( 0.006394 0.000000 0.000000 ))
(14.648100 ( 0.006031 0.000000 0.000000 ))
(14.663800 ( 0.005669 0.000000 0.000000 ))
(14.679500 ( 0.005306 0.000000 0.000000 ))
(14.695200 ( 0.004943 0.000000 0.000000 ))
(14.710900 ( 0.004580 0.000000 0.000000 ))
(14.726600 ( 0.004217 0.000000 0.000000 ))
(14.742300 ( 0.003856 0.000000 0.000000 ))
(14.758000 ( 0.003496 0.000000 0.000000 ))
(14.773700 ( 0.003138 0.000000 0.000000 ))
(14.789400 ( 0.002781 0.000000 0.000000 ))
(14.805100 ( 0.002428 0.000000 0.000000 ))
(14.820800 ( 0.002076 0.000000 0.000000 ))
(14.836500 ( 0.001729 0.000000 0.000000 ))
(14.852200 ( 0.001382 0.000000 0.000000 ))
(14.867900 ( 0.001043 0.000000 0.000000 ))
(14.883600 ( 0.000704 0.000000 0.000000 ))
(14.899300 ( 0.000373 0.000000 0.000000 ))
(14.915000 ( 0.000042 0.000000 0.000000 ))
(14.930700 ( -0.000279 0.000000 0.000000 ))
(14.946400 ( -0.000600 0.000000 0.000000 ))
(14.962100 ( -0.000910 0.000000 0.000000 ))
(14.977800 ( -0.001221 0.000000 0.000000 ))
(14.993500 ( -0.001519 0.000000 0.000000 ))
(15.009200 ( -0.001817 0.000000 0.000000 ))
(15.024900 ( -0.002103 0.000000 0.000000 ))
(15.040600 ( -0.002388 0.000000 0.000000 ))
(15.056300 ( -0.002660 0.000000 0.000000 ))
(15.072000 ( -0.002932 0.000000 0.000000 ))
(15.087700 ( -0.003190 0.000000 0.000000 ))
(15.103400 ( -0.003447 0.000000 0.000000 ))
(15.119100 ( -0.003690 0.000000 0.000000 ))
(15.134800 ( -0.003932 0.000000 0.000000 ))
(15.150500 ( -0.004159 0.000000 0.000000 ))
(15.166200 ( -0.004386 0.000000 0.000000 ))
(15.181900 ( -0.004597 0.000000 0.000000 ))
(15.197600 ( -0.004809 0.000000 0.000000 ))
(15.213300 ( -0.005004 0.000000 0.000000 ))
(15.229000 ( -0.005198 0.000000 0.000000 ))
(15.244700 ( -0.005377 0.000000 0.000000 ))
(15.260400 ( -0.005556 0.000000 0.000000 ))
(15.276100 ( -0.005718 0.000000 0.000000 ))
(15.291800 ( -0.005880 0.000000 0.000000 ))
(15.307500 ( -0.006026 0.000000 0.000000 ))
(15.323200 ( -0.006172 0.000000 0.000000 ))
(15.338900 ( -0.006302 0.000000 0.000000 ))
(15.354600 ( -0.006432 0.000000 0.000000 ))
(15.370300 ( -0.006546 0.000000 0.000000 ))
(15.386000 ( -0.006660 0.000000 0.000000 ))
(15.401700 ( -0.006758 0.000000 0.000000 ))
(15.417400 ( -0.006857 0.000000 0.000000 ))
(15.433100 ( -0.006940 0.000000 0.000000 ))
(15.448800 ( -0.007024 0.000000 0.000000 ))
(15.464500 ( -0.007092 0.000000 0.000000 ))
(15.480200 ( -0.007161 0.000000 0.000000 ))
(15.495900 ( -0.007216 0.000000 0.000000 ))
(15.511600 ( -0.007270 0.000000 0.000000 ))
(15.527300 ( -0.007312 0.000000 0.000000 ))
(15.543000 ( -0.007353 0.000000 0.000000 ))
(15.558700 ( -0.007381 0.000000 0.000000 ))
(15.574400 ( -0.007409 0.000000 0.000000 ))
(15.590100 ( -0.007425 0.000000 0.000000 ))
(15.605800 ( -0.007441 0.000000 0.000000 ))
(15.621500 ( -0.007446 0.000000 0.000000 ))
(15.637200 ( -0.007450 0.000000 0.000000 ))
(15.652900 ( -0.007443 0.000000 0.000000 ))
(15.668600 ( -0.007437 0.000000 0.000000 ))
(15.684300 ( -0.007420 0.000000 0.000000 ))
(15.700000 ( -0.007402 0.000000 0.000000 ))
(15.715700 ( -0.007376 0.000000 0.000000 ))
(15.731400 ( -0.007349 0.000000 0.000000 ))
(15.747100 ( -0.007313 0.000000 0.000000 ))
(15.762800 ( -0.007277 0.000000 0.000000 ))
(15.778500 ( -0.007232 0.000000 0.000000 ))
(15.794200 ( -0.007188 0.000000 0.000000 ))
(15.809900 ( -0.007135 0.000000 0.000000 ))
(15.825600 ( -0.007083 0.000000 0.000000 ))
(15.841300 ( -0.007024 0.000000 0.000000 ))
(15.857000 ( -0.006964 0.000000 0.000000 ))
(15.872700 ( -0.006898 0.000000 0.000000 ))
(15.888400 ( -0.006832 0.000000 0.000000 ))
(15.904100 ( -0.006760 0.000000 0.000000 ))
(15.919800 ( -0.006688 0.000000 0.000000 ))
(15.935500 ( -0.006611 0.000000 0.000000 ))
(15.951200 ( -0.006534 0.000000 0.000000 ))
(15.966900 ( -0.006453 0.000000 0.000000 ))
(15.982600 ( -0.006372 0.000000 0.000000 ))
(15.998300 ( -0.006287 0.000000 0.000000 ))
(16.014000 ( -0.006203 0.000000 0.000000 ))
(16.029700 ( -0.006115 0.000000 0.000000 ))
(16.045400 ( -0.006028 0.000000 0.000000 ))
(16.061100 ( -0.005940 0.000000 0.000000 ))
(16.076800 ( -0.005851 0.000000 0.000000 ))
(16.092500 ( -0.005762 0.000000 0.000000 ))
(16.108200 ( -0.005672 0.000000 0.000000 ))
(16.123900 ( -0.005583 0.000000 0.000000 ))
(16.139600 ( -0.005495 0.000000 0.000000 ))
(16.155300 ( -0.005407 0.000000 0.000000 ))
(16.171000 ( -0.005320 0.000000 0.000000 ))
(16.186700 ( -0.005234 0.000000 0.000000 ))
(16.202400 ( -0.005149 0.000000 0.000000 ))
(16.218100 ( -0.005067 0.000000 0.000000 ))
(16.233800 ( -0.004985 0.000000 0.000000 ))
(16.249500 ( -0.004906 0.000000 0.000000 ))
(16.265200 ( -0.004828 0.000000 0.000000 ))
(16.280900 ( -0.004754 0.000000 0.000000 ))
(16.296600 ( -0.004681 0.000000 0.000000 ))
(16.312300 ( -0.004612 0.000000 0.000000 ))
(16.328000 ( -0.004543 0.000000 0.000000 ))
(16.343700 ( -0.004479 0.000000 0.000000 ))
(16.359400 ( -0.004416 0.000000 0.000000 ))
(16.375100 ( -0.004358 0.000000 0.000000 ))
(16.390800 ( -0.004300 0.000000 0.000000 ))
(16.406500 ( -0.004248 0.000000 0.000000 ))
(16.422200 ( -0.004196 0.000000 0.000000 ))
(16.437900 ( -0.004149 0.000000 0.000000 ))
(16.453600 ( -0.004102 0.000000 0.000000 ))
(16.469300 ( -0.004061 0.000000 0.000000 ))
(16.485000 ( -0.004020 0.000000 0.000000 ))
(16.500700 ( -0.003983 0.000000 0.000000 ))
(16.516400 ( -0.003947 0.000000 0.000000 ))
(16.532100 ( -0.003915 0.000000 0.000000 ))
(16.547800 ( -0.003883 0.000000 0.000000 ))
(16.563500 ( -0.003855 0.000000 0.000000 ))
(16.579200 ( -0.003828 0.000000 0.000000 ))
(16.594900 ( -0.003803 0.000000 0.000000 ))
(16.610600 ( -0.003779 0.000000 0.000000 ))
(16.626300 ( -0.003758 0.000000 0.000000 ))
(16.642000 ( -0.003737 0.000000 0.000000 ))
(16.657700 ( -0.003718 0.000000 0.000000 ))
(16.673400 ( -0.003699 0.000000 0.000000 ))
(16.689100 ( -0.003681 0.000000 0.000000 ))
(16.704800 ( -0.003664 0.000000 0.000000 ))
(16.720500 ( -0.003647 0.000000 0.000000 ))
(16.736200 ( -0.003630 0.000000 0.000000 ))
(16.751900 ( -0.003614 0.000000 0.000000 ))
(16.767600 ( -0.003597 0.000000 0.000000 ))
(16.783300 ( -0.003580 0.000000 0.000000 ))
(16.799000 ( -0.003562 0.000000 0.000000 ))
(16.814700 ( -0.003544 0.000000 0.000000 ))
(16.830400 ( -0.003525 0.000000 0.000000 ))
(16.846100 ( -0.003503 0.000000 0.000000 ))
(16.861800 ( -0.003482 0.000000 0.000000 ))
(16.877500 ( -0.003458 0.000000 0.000000 ))
(16.893200 ( -0.003433 0.000000 0.000000 ))
(16.908900 ( -0.003404 0.000000 0.000000 ))
(16.924600 ( -0.003376 0.000000 0.000000 ))
(16.940300 ( -0.003342 0.000000 0.000000 ))
(16.956000 ( -0.003308 0.000000 0.000000 ))
(16.971700 ( -0.003269 0.000000 0.000000 ))
(16.987400 ( -0.003230 0.000000 0.000000 ))
(17.003100 ( -0.003184 0.000000 0.000000 ))
(17.018800 ( -0.003138 0.000000 0.000000 ))
(17.034500 ( -0.003084 0.000000 0.000000 ))
(17.050200 ( -0.003031 0.000000 0.000000 ))
(17.065900 ( -0.002969 0.000000 0.000000 ))
(17.081600 ( -0.002908 0.000000 0.000000 ))
(17.097300 ( -0.002837 0.000000 0.000000 ))
(17.113000 ( -0.002767 0.000000 0.000000 ))
(17.128700 ( -0.002687 0.000000 0.000000 ))
(17.144400 ( -0.002606 0.000000 0.000000 ))
(17.160100 ( -0.002515 0.000000 0.000000 ))
(17.175800 ( -0.002425 0.000000 0.000000 ))
(17.191500 ( -0.002323 0.000000 0.000000 ))
(17.207200 ( -0.002221 0.000000 0.000000 ))
(17.222900 ( -0.002107 0.000000 0.000000 ))
(17.238600 ( -0.001993 0.000000 0.000000 ))
(17.254300 ( -0.001867 0.000000 0.000000 ))
(17.270000 ( -0.001741 0.000000 0.000000 ))
(17.285700 ( -0.001601 0.000000 0.000000 ))
(17.301400 ( -0.001462 0.000000 0.000000 ))
(17.317100 ( -0.001310 0.000000 0.000000 ))
(17.332800 ( -0.001157 0.000000 0.000000 ))
(17.348500 ( -0.000991 0.000000 0.000000 ))
(17.364200 ( -0.000825 0.000000 0.000000 ))
(17.379900 ( -0.000645 0.000000 0.000000 ))
(17.395600 ( -0.000465 0.000000 0.000000 ))
(17.411300 ( -0.000271 0.000000 0.000000 ))
(17.427000 ( -0.000077 0.000000 0.000000 ))
(17.442700 ( 0.000130 0.000000 0.000000 ))
(17.458400 ( 0.000337 0.000000 0.000000 ))
(17.474100 ( 0.000556 0.000000 0.000000 ))
(17.489800 ( 0.000776 0.000000 0.000000 ))
(17.505500 ( 0.001008 0.000000 0.000000 ))
(17.521200 ( 0.001240 0.000000 0.000000 ))
(17.536900 ( 0.001482 0.000000 0.000000 ))
(17.552600 ( 0.001725 0.000000 0.000000 ))
(17.568300 ( 0.001977 0.000000 0.000000 ))
(17.584000 ( 0.002229 0.000000 0.000000 ))
(17.599700 ( 0.002488 0.000000 0.000000 ))
(17.615400 ( 0.002748 0.000000 0.000000 ))
(17.631100 ( 0.003013 0.000000 0.000000 ))
(17.646800 ( 0.003279 0.000000 0.000000 ))
(17.662500 ( 0.003547 0.000000 0.000000 ))
(17.678200 ( 0.003816 0.000000 0.000000 ))
(17.693900 ( 0.004086 0.000000 0.000000 ))
(17.709600 ( 0.004356 0.000000 0.000000 ))
(17.725300 ( 0.004625 0.000000 0.000000 ))
(17.741000 ( 0.004894 0.000000 0.000000 ))
(17.756700 ( 0.005158 0.000000 0.000000 ))
(17.772400 ( 0.005423 0.000000 0.000000 ))
(17.788100 ( 0.005680 0.000000 0.000000 ))
(17.803800 ( 0.005938 0.000000 0.000000 ))
(17.819500 ( 0.006186 0.000000 0.000000 ))
(17.835200 ( 0.006434 0.000000 0.000000 ))
(17.850900 ( 0.006670 0.000000 0.000000 ))
(17.866600 ( 0.006905 0.000000 0.000000 ))
(17.882300 ( 0.007126 0.000000 0.000000 ))
(17.898000 ( 0.007347 0.000000 0.000000 ))
(17.913700 ( 0.007550 0.000000 0.000000 ))
(17.929400 ( 0.007754 0.000000 0.000000 ))
(17.945100 ( 0.007937 0.000000 0.000000 ))
(17.960800 ( 0.008121 0.000000 0.000000 ))
(17.976500 ( 0.008282 0.000000 0.000000 ))
(17.992200 ( 0.008443 0.000000 0.000000 ))
(18.007900 ( 0.008580 0.000000 0.000000 ))
(18.023600 ( 0.008717 0.000000 0.000000 ))
(18.039300 ( 0.008829 0.000000 0.000000 ))
(18.055000 ( 0.008940 0.000000 0.000000 ))
(18.070700 ( 0.009023 0.000000 0.000000 ))
(18.086400 ( 0.009107 0.000000 0.000000 ))
(18.102100 ( 0.009161 0.000000 0.000000 ))
(18.117800 ( 0.009216 0.000000 0.000000 ))
(18.133500 ( 0.009240 0.000000 0.000000 ))
(18.149200 ( 0.009264 0.000000 0.000000 ))
(18.164900 ( 0.009257 0.000000 0.000000 ))
(18.180600 ( 0.009250 0.000000 0.000000 ))
(18.196300 ( 0.009211 0.000000 0.000000 ))
(18.212000 ( 0.009172 0.000000 0.000000 ))
(18.227700 ( 0.009101 0.000000 0.000000 ))
(18.243400 ( 0.009029 0.000000 0.000000 ))
(18.259100 ( 0.008924 0.000000 0.000000 ))
(18.274800 ( 0.008820 0.000000 0.000000 ))
(18.290500 ( 0.008681 0.000000 0.000000 ))
(18.306200 ( 0.008543 0.000000 0.000000 ))
(18.321900 ( 0.008372 0.000000 0.000000 ))
(18.337600 ( 0.008200 0.000000 0.000000 ))
(18.353300 ( 0.007994 0.000000 0.000000 ))
(18.369000 ( 0.007788 0.000000 0.000000 ))
(18.384700 ( 0.007549 0.000000 0.000000 ))
(18.400400 ( 0.007309 0.000000 0.000000 ))
(18.416100 ( 0.007036 0.000000 0.000000 ))
(18.431800 ( 0.006762 0.000000 0.000000 ))
(18.447500 ( 0.006455 0.000000 0.000000 ))
(18.463200 ( 0.006147 0.000000 0.000000 ))
(18.478900 ( 0.005806 0.000000 0.000000 ))
(18.494600 ( 0.005465 0.000000 0.000000 ))
(18.510300 ( 0.005091 0.000000 0.000000 ))
(18.526000 ( 0.004717 0.000000 0.000000 ))
(18.541700 ( 0.004310 0.000000 0.000000 ))
(18.557400 ( 0.003902 0.000000 0.000000 ))
(18.573100 ( 0.003463 0.000000 0.000000 ))
(18.588800 ( 0.003024 0.000000 0.000000 ))
(18.604500 ( 0.002553 0.000000 0.000000 ))
(18.620200 ( 0.002082 0.000000 0.000000 ))
(18.635900 ( 0.001581 0.000000 0.000000 ))
(18.651600 ( 0.001080 0.000000 0.000000 ))
(18.667300 ( 0.000550 0.000000 0.000000 ))
(18.683000 ( 0.000020 0.000000 0.000000 ))
(18.698700 ( -0.000537 0.000000 0.000000 ))
(18.714400 ( -0.001095 0.000000 0.000000 ))
(18.730100 ( -0.001678 0.000000 0.000000 ))
(18.745800 ( -0.002261 0.000000 0.000000 ))
(18.761500 ( -0.002868 0.000000 0.000000 ))
(18.777200 ( -0.003475 0.000000 0.000000 ))
(18.792900 ( -0.004103 0.000000 0.000000 ))
(18.808600 ( -0.004730 0.000000 0.000000 ))
(18.824300 ( -0.005377 0.000000 0.000000 ))
(18.840000 ( -0.006023 0.000000 0.000000 ))
(18.855700 ( -0.006685 0.000000 0.000000 ))
(18.871400 ( -0.007347 0.000000 0.000000 ))
(18.887100 ( -0.008021 0.000000 0.000000 ))
(18.902800 ( -0.008695 0.000000 0.000000 ))
(18.918500 ( -0.009377 0.000000 0.000000 ))
(18.934200 ( -0.010060 0.000000 0.000000 ))
(18.949900 ( -0.010748 0.000000 0.000000 ))
(18.965600 ( -0.011436 0.000000 0.000000 ))
(18.981300 ( -0.012125 0.000000 0.000000 ))
(18.997000 ( -0.012813 0.000000 0.000000 ))
(19.012700 ( -0.013499 0.000000 0.000000 ))
(19.028400 ( -0.014185 0.000000 0.000000 ))
(19.044100 ( -0.014863 0.000000 0.000000 ))
(19.059800 ( -0.015542 0.000000 0.000000 ))
(19.075500 ( -0.016209 0.000000 0.000000 ))
(19.091200 ( -0.016875 0.000000 0.000000 ))
(19.106900 ( -0.017526 0.000000 0.000000 ))
(19.122600 ( -0.018176 0.000000 0.000000 ))
(19.138300 ( -0.018806 0.000000 0.000000 ))
(19.154000 ( -0.019435 0.000000 0.000000 ))
(19.169700 ( -0.020040 0.000000 0.000000 ))
(19.185400 ( -0.020644 0.000000 0.000000 ))
(19.201100 ( -0.021218 0.000000 0.000000 ))
(19.216800 ( -0.021793 0.000000 0.000000 ))
(19.232500 ( -0.022333 0.000000 0.000000 ))
(19.248200 ( -0.022873 0.000000 0.000000 ))
(19.263900 ( -0.023374 0.000000 0.000000 ))
(19.279600 ( -0.023875 0.000000 0.000000 ))
(19.295300 ( -0.024334 0.000000 0.000000 ))
(19.311000 ( -0.024792 0.000000 0.000000 ))
(19.326700 ( -0.025204 0.000000 0.000000 ))
(19.342400 ( -0.025615 0.000000 0.000000 ))
(19.358100 ( -0.025975 0.000000 0.000000 ))
(19.373800 ( -0.026336 0.000000 0.000000 ))
(19.389500 ( -0.026642 0.000000 0.000000 ))
(19.405200 ( -0.026948 0.000000 0.000000 ))
(19.420900 ( -0.027196 0.000000 0.000000 ))
(19.436600 ( -0.027445 0.000000 0.000000 ))
(19.452300 ( -0.027632 0.000000 0.000000 ))
(19.468000 ( -0.027820 0.000000 0.000000 ))
(19.483700 ( -0.027944 0.000000 0.000000 ))
(19.499400 ( -0.028068 0.000000 0.000000 ))
(19.515100 ( -0.028127 0.000000 0.000000 ))
(19.530800 ( -0.028185 0.000000 0.000000 ))
(19.546500 ( -0.028176 0.000000 0.000000 ))
(19.562200 ( -0.028168 0.000000 0.000000 ))
(19.577900 ( -0.028090 0.000000 0.000000 ))
(19.593600 ( -0.028012 0.000000 0.000000 ))
(19.609300 ( -0.027865 0.000000 0.000000 ))
(19.625000 ( -0.027718 0.000000 0.000000 ))
(19.640700 ( -0.027500 0.000000 0.000000 ))
(19.656400 ( -0.027283 0.000000 0.000000 ))
(19.672100 ( -0.026995 0.000000 0.000000 ))
(19.687800 ( -0.026707 0.000000 0.000000 ))
(19.703500 ( -0.026350 0.000000 0.000000 ))
(19.719200 ( -0.025993 0.000000 0.000000 ))
(19.734900 ( -0.025567 0.000000 0.000000 ))
(19.750600 ( -0.025141 0.000000 0.000000 ))
(19.766300 ( -0.024648 0.000000 0.000000 ))
(19.782000 ( -0.024155 0.000000 0.000000 ))
(19.797700 ( -0.023595 0.000000 0.000000 ))
(19.813400 ( -0.023036 0.000000 0.000000 ))
(19.829100 ( -0.022414 0.000000 0.000000 ))
(19.844800 ( -0.021791 0.000000 0.000000 ))
(19.860500 ( -0.021106 0.000000 0.000000 ))
(19.876200 ( -0.020422 0.000000 0.000000 ))
(19.891900 ( -0.019678 0.000000 0.000000 ))
(19.907600 ( -0.018935 0.000000 0.000000 ))
(19.923300 ( -0.018134 0.000000 0.000000 ))
(19.939000 ( -0.017334 0.000000 0.000000 ))
(19.954700 ( -0.016480 0.000000 0.000000 ))
(19.970400 ( -0.015626 0.000000 0.000000 ))
(19.986100 ( -0.014720 0.000000 0.000000 ))
(20.001800 ( -0.013815 0.000000 0.000000 ))
(20.017500 ( -0.012861 0.000000 0.000000 ))
(20.033200 ( -0.011907 0.000000 0.000000 ))
(20.048900 ( -0.010908 0.000000 0.000000 ))
(20.064600 ( -0.009909 0.000000 0.000000 ))
(20.080300 ( -0.008867 0.000000 0.000000 ))
(20.096000 ( -0.007826 0.000000 0.000000 ))
(20.111700 ( -0.006745 0.000000 0.000000 ))
(20.127400 ( -0.005664 0.000000 0.000000 ))
(20.143100 ( -0.004546 0.000000 0.000000 ))
(20.158800 ( -0.003429 0.000000 0.000000 ))
(20.174500 ( -0.002279 0.000000 0.000000 ))
(20.190200 ( -0.001128 0.000000 0.000000 ))
(20.205900 ( 0.000052 0.000000 0.000000 ))
(20.221600 ( 0.001232 0.000000 0.000000 ))
(20.237300 ( 0.002438 0.000000 0.000000 ))
(20.253000 ( 0.003644 0.000000 0.000000 ))
(20.268700 ( 0.004872 0.000000 0.000000 ))
(20.284400 ( 0.006101 0.000000 0.000000 ))
(20.300100 ( 0.007348 0.000000 0.000000 ))
(20.315800 ( 0.008594 0.000000 0.000000 ))
(20.331500 ( 0.009855 0.000000 0.000000 ))
(20.347200 ( 0.011116 0.000000 0.000000 ))
(20.362900 ( 0.012386 0.000000 0.000000 ))
(20.378600 ( 0.013656 0.000000 0.000000 ))
(20.394300 ( 0.014931 0.000000 0.000000 ))
(20.410000 ( 0.016206 0.000000 0.000000 ))
(20.425700 ( 0.017482 0.000000 0.000000 ))
(20.441400 ( 0.018757 0.000000 0.000000 ))
(20.457100 ( 0.020028 0.000000 0.000000 ))
(20.472800 ( 0.021299 0.000000 0.000000 ))
(20.488500 ( 0.022560 0.000000 0.000000 ))
(20.504200 ( 0.023821 0.000000 0.000000 ))
(20.519900 ( 0.025068 0.000000 0.000000 ))
(20.535600 ( 0.026315 0.000000 0.000000 ))
(20.551300 ( 0.027544 0.000000 0.000000 ))
(20.567000 ( 0.028772 0.000000 0.000000 ))
(20.582700 ( 0.029978 0.000000 0.000000 ))
(20.598400 ( 0.031183 0.000000 0.000000 ))
(20.614100 ( 0.032361 0.000000 0.000000 ))
(20.629800 ( 0.033540 0.000000 0.000000 ))
(20.645500 ( 0.034688 0.000000 0.000000 ))
(20.661200 ( 0.035835 0.000000 0.000000 ))
(20.676900 ( 0.036949 0.000000 0.000000 ))
(20.692600 ( 0.038063 0.000000 0.000000 ))
(20.708300 ( 0.039140 0.000000 0.000000 ))
(20.724000 ( 0.040218 0.000000 0.000000 ))
(20.739700 ( 0.041256 0.000000 0.000000 ))
(20.755400 ( 0.042294 0.000000 0.000000 ))
(20.771100 ( 0.043291 0.000000 0.000000 ))
(20.786800 ( 0.044288 0.000000 0.000000 ))
(20.802500 ( 0.045242 0.000000 0.000000 ))
(20.818200 ( 0.046197 0.000000 0.000000 ))
(20.833900 ( 0.047107 0.000000 0.000000 ))
(20.849600 ( 0.048018 0.000000 0.000000 ))
(20.865300 ( 0.048884 0.000000 0.000000 ))
(20.881000 ( 0.049750 0.000000 0.000000 ))
(20.896700 ( 0.050570 0.000000 0.000000 ))
(20.912400 ( 0.051390 0.000000 0.000000 ))
(20.928100 ( 0.052165 0.000000 0.000000 ))
(20.943800 ( 0.052940 0.000000 0.000000 ))
(20.959500 ( 0.053668 0.000000 0.000000 ))
(20.975200 ( 0.054396 0.000000 0.000000 ))
(20.990900 ( 0.055078 0.000000 0.000000 ))
(21.006600 ( 0.055760 0.000000 0.000000 ))
(21.022300 ( 0.056396 0.000000 0.000000 ))
(21.038000 ( 0.057031 0.000000 0.000000 ))
(21.053700 ( 0.057620 0.000000 0.000000 ))
(21.069400 ( 0.058208 0.000000 0.000000 ))
(21.085100 ( 0.058750 0.000000 0.000000 ))
(21.100800 ( 0.059292 0.000000 0.000000 ))
(21.116500 ( 0.059786 0.000000 0.000000 ))
(21.132200 ( 0.060281 0.000000 0.000000 ))
(21.147900 ( 0.060727 0.000000 0.000000 ))
(21.163600 ( 0.061174 0.000000 0.000000 ))
(21.179300 ( 0.061574 0.000000 0.000000 ))
(21.195000 ( 0.061973 0.000000 0.000000 ))
(21.210700 ( 0.062324 0.000000 0.000000 ))
(21.226400 ( 0.062674 0.000000 0.000000 ))
(21.242100 ( 0.062976 0.000000 0.000000 ))
(21.257800 ( 0.063278 0.000000 0.000000 ))
(21.273500 ( 0.063531 0.000000 0.000000 ))
(21.289200 ( 0.063784 0.000000 0.000000 ))
(21.304900 ( 0.063986 0.000000 0.000000 ))
(21.320600 ( 0.064189 0.000000 0.000000 ))
(21.336300 ( 0.064341 0.000000 0.000000 ))
(21.352000 ( 0.064493 0.000000 0.000000 ))
(21.367700 ( 0.064594 0.000000 0.000000 ))
(21.383400 ( 0.064694 0.000000 0.000000 ))
(21.399100 ( 0.064743 0.000000 0.000000 ))
(21.414800 ( 0.064792 0.000000 0.000000 ))
(21.430500 ( 0.064787 0.000000 0.000000 ))
(21.446200 ( 0.064783 0.000000 0.000000 ))
(21.461900 ( 0.064726 0.000000 0.000000 ))
(21.477600 ( 0.064668 0.000000 0.000000 ))
(21.493300 ( 0.064556 0.000000 0.000000 ))
(21.509000 ( 0.064444 0.000000 0.000000 ))
(21.524700 ( 0.064278 0.000000 0.000000 ))
(21.540400 ( 0.064112 0.000000 0.000000 ))
(21.556100 ( 0.063890 0.000000 0.000000 ))
(21.571800 ( 0.063668 0.000000 0.000000 ))
(21.587500 ( 0.063391 0.000000 0.000000 ))
(21.603200 ( 0.063113 0.000000 0.000000 ))
(21.618900 ( 0.062779 0.000000 0.000000 ))
(21.634600 ( 0.062445 0.000000 0.000000 ))
(21.650300 ( 0.062054 0.000000 0.000000 ))
(21.666000 ( 0.061663 0.000000 0.000000 ))
(21.681700 ( 0.061215 0.000000 0.000000 ))
(21.697400 ( 0.060767 0.000000 0.000000 ))
(21.713100 ( 0.060262 0.000000 0.000000 ))
(21.728800 ( 0.059756 0.000000 0.000000 ))
(21.744500 ( 0.059192 0.000000 0.000000 ))
(21.760200 ( 0.058629 0.000000 0.000000 ))
(21.775900 ( 0.058007 0.000000 0.000000 ))
(21.791600 ( 0.057385 0.000000 0.000000 ))
(21.807300 ( 0.056705 0.000000 0.000000 ))
(21.823000 ( 0.056024 0.000000 0.000000 ))
(21.838700 ( 0.055286 0.000000 0.000000 ))
(21.854400 ( 0.054547 0.000000 0.000000 ))
(21.870100 ( 0.053750 0.000000 0.000000 ))
(21.885800 ( 0.052952 0.000000 0.000000 ))
(21.901500 ( 0.052097 0.000000 0.000000 ))
(21.917200 ( 0.051241 0.000000 0.000000 ))
(21.932900 ( 0.050327 0.000000 0.000000 ))
(21.948600 ( 0.049414 0.000000 0.000000 ))
(21.964300 ( 0.048442 0.000000 0.000000 ))
(21.980000 ( 0.047471 0.000000 0.000000 ))
(21.995700 ( 0.046442 0.000000 0.000000 ))
(22.011400 ( 0.045413 0.000000 0.000000 ))
(22.027100 ( 0.044328 0.000000 0.000000 ))
(22.042800 ( 0.043242 0.000000 0.000000 ))
(22.058500 ( 0.042101 0.000000 0.000000 ))
(22.074200 ( 0.040960 0.000000 0.000000 ))
(22.089900 ( 0.039765 0.000000 0.000000 ))
(22.105600 ( 0.038569 0.000000 0.000000 ))
(22.121300 ( 0.037320 0.000000 0.000000 ))
(22.137000 ( 0.036070 0.000000 0.000000 ))
(22.152700 ( 0.034769 0.000000 0.000000 ))
(22.168400 ( 0.033467 0.000000 0.000000 ))
(22.184100 ( 0.032115 0.000000 0.000000 ))
(22.199800 ( 0.030763 0.000000 0.000000 ))
(22.215500 ( 0.029362 0.000000 0.000000 ))
(22.231200 ( 0.027961 0.000000 0.000000 ))
(22.246900 ( 0.026512 0.000000 0.000000 ))
(22.262600 ( 0.025064 0.000000 0.000000 ))
(22.278300 ( 0.023571 0.000000 0.000000 ))
(22.294000 ( 0.022077 0.000000 0.000000 ))
(22.309700 ( 0.020541 0.000000 0.000000 ))
(22.325400 ( 0.019005 0.000000 0.000000 ))
(22.341100 ( 0.017428 0.000000 0.000000 ))
(22.356800 ( 0.015852 0.000000 0.000000 ))
(22.372500 ( 0.014237 0.000000 0.000000 ))
(22.388200 ( 0.012623 0.000000 0.000000 ))
(22.403900 ( 0.010973 0.000000 0.000000 ))
(22.419600 ( 0.009323 0.000000 0.000000 ))
(22.435300 ( 0.007641 0.000000 0.000000 ))
(22.451000 ( 0.005959 0.000000 0.000000 ))
(22.466700 ( 0.004247 0.000000 0.000000 ))
(22.482400 ( 0.002535 0.000000 0.000000 ))
(22.498100 ( 0.000797 0.000000 0.000000 ))
(22.513800 ( -0.000941 0.000000 0.000000 ))
(22.529500 ( -0.002703 0.000000 0.000000 ))
(22.545200 ( -0.004464 0.000000 0.000000 ))
(22.560900 ( -0.006245 0.000000 0.000000 ))
(22.576600 ( -0.008027 0.000000 0.000000 ))
(22.592300 ( -0.009825 0.000000 0.000000 ))
(22.608000 ( -0.011623 0.000000 0.000000 ))
(22.623700 ( -0.013434 0.000000 0.000000 ))
(22.639400 ( -0.015245 0.000000 0.000000 ))
(22.655100 ( -0.017066 0.000000 0.000000 ))
(22.670800 ( -0.018887 0.000000 0.000000 ))
(22.686500 ( -0.020714 0.000000 0.000000 ))
(22.702200 ( -0.022541 0.000000 0.000000 ))
(22.717900 ( -0.024371 0.000000 0.000000 ))
(22.733600 ( -0.026200 0.000000 0.000000 ))
(22.749300 ( -0.028028 0.000000 0.000000 ))
(22.765000 ( -0.029857 0.000000 0.000000 ))
(22.780700 ( -0.031680 0.000000 0.000000 ))
(22.796400 ( -0.033504 0.000000 0.000000 ))
(22.812100 ( -0.035319 0.000000 0.000000 ))
(22.827800 ( -0.037134 0.000000 0.000000 ))
(22.843500 ( -0.038936 0.000000 0.000000 ))
(22.859200 ( -0.040739 0.000000 0.000000 ))
(22.874900 ( -0.042525 0.000000 0.000000 ))
(22.890600 ( -0.044312 0.000000 0.000000 ))
(22.906300 ( -0.046078 0.000000 0.000000 ))
(22.922000 ( -0.047845 0.000000 0.000000 ))
(22.937700 ( -0.049587 0.000000 0.000000 ))
(22.953400 ( -0.051330 0.000000 0.000000 ))
(22.969100 ( -0.053045 0.000000 0.000000 ))
(22.984800 ( -0.054760 0.000000 0.000000 ))
(23.000500 ( -0.056443 0.000000 0.000000 ))
(23.016200 ( -0.058127 0.000000 0.000000 ))
(23.031900 ( -0.059774 0.000000 0.000000 ))
(23.047600 ( -0.061422 0.000000 0.000000 ))
(23.063300 ( -0.063031 0.000000 0.000000 ))
(23.079000 ( -0.064639 0.000000 0.000000 ))
(23.094700 ( -0.066204 0.000000 0.000000 ))
(23.110400 ( -0.067769 0.000000 0.000000 ))
(23.126100 ( -0.069287 0.000000 0.000000 ))
(23.141800 ( -0.070805 0.000000 0.000000 ))
(23.157500 ( -0.072271 0.000000 0.000000 ))
(23.173200 ( -0.073738 0.000000 0.000000 ))
(23.188900 ( -0.075150 0.000000 0.000000 ))
(23.204600 ( -0.076561 0.000000 0.000000 ))
(23.220300 ( -0.077914 0.000000 0.000000 ))
(23.236000 ( -0.079267 0.000000 0.000000 ))
(23.251700 ( -0.080557 0.000000 0.000000 ))
(23.267400 ( -0.081847 0.000000 0.000000 ))
(23.283100 ( -0.083071 0.000000 0.000000 ))
(23.298800 ( -0.084295 0.000000 0.000000 ))
(23.314500 ( -0.085449 0.000000 0.000000 ))
(23.330200 ( -0.086603 0.000000 0.000000 ))
(23.345900 ( -0.087684 0.000000 0.000000 ))
(23.361600 ( -0.088765 0.000000 0.000000 ))
(23.377300 ( -0.089770 0.000000 0.000000 ))
(23.393000 ( -0.090774 0.000000 0.000000 ))
(23.408700 ( -0.091699 0.000000 0.000000 ))
(23.424400 ( -0.092624 0.000000 0.000000 ))
(23.440100 ( -0.093467 0.000000 0.000000 ))
(23.455800 ( -0.094309 0.000000 0.000000 ))
(23.471500 ( -0.095067 0.000000 0.000000 ))
(23.487200 ( -0.095825 0.000000 0.000000 ))
(23.502900 ( -0.096495 0.000000 0.000000 ))
(23.518600 ( -0.097166 0.000000 0.000000 ))
(23.534300 ( -0.097747 0.000000 0.000000 ))
(23.550000 ( -0.098328 0.000000 0.000000 ))
(23.565700 ( -0.098817 0.000000 0.000000 ))
(23.581400 ( -0.099307 0.000000 0.000000 ))
(23.597100 ( -0.099703 0.000000 0.000000 ))
(23.612800 ( -0.100100 0.000000 0.000000 ))
(23.628500 ( -0.100402 0.000000 0.000000 ))
(23.644200 ( -0.100704 0.000000 0.000000 ))
(23.659900 ( -0.100910 0.000000 0.000000 ))
(23.675600 ( -0.101117 0.000000 0.000000 ))
(23.691300 ( -0.101227 0.000000 0.000000 ))
(23.707000 ( -0.101337 0.000000 0.000000 ))
(23.722700 ( -0.101350 0.000000 0.000000 ))
(23.738400 ( -0.101363 0.000000 0.000000 ))
(23.754100 ( -0.101279 0.000000 0.000000 ))
(23.769800 ( -0.101195 0.000000 0.000000 ))
(23.785500 ( -0.101013 0.000000 0.000000 ))
(23.801200 ( -0.100831 0.000000 0.000000 ))
(23.816900 ( -0.100552 0.000000 0.000000 ))
(23.832600 ( -0.100273 0.000000 0.000000 ))
(23.848300 ( -0.099897 0.000000 0.000000 ))
(23.864000 ( -0.099521 0.000000 0.000000 ))
(23.879700 ( -0.099049 0.000000 0.000000 ))
(23.895400 ( -0.098577 0.000000 0.000000 ))
(23.911100 ( -0.098010 0.000000 0.000000 ))
(23.926800 ( -0.097442 0.000000 0.000000 ))
(23.942500 ( -0.096781 0.000000 0.000000 ))
(23.958200 ( -0.096119 0.000000 0.000000 ))
(23.973900 ( -0.095366 0.000000 0.000000 ))
(23.989600 ( -0.094612 0.000000 0.000000 ))
(24.005300 ( -0.093767 0.000000 0.000000 ))
(24.021000 ( -0.092923 0.000000 0.000000 ))
(24.036700 ( -0.091989 0.000000 0.000000 ))
(24.052400 ( -0.091056 0.000000 0.000000 ))
(24.068100 ( -0.090036 0.000000 0.000000 ))
(24.083800 ( -0.089017 0.000000 0.000000 ))
(24.099500 ( -0.087913 0.000000 0.000000 ))
(24.115200 ( -0.086809 0.000000 0.000000 ))
(24.130900 ( -0.085625 0.000000 0.000000 ))
(24.146600 ( -0.084440 0.000000 0.000000 ))
(24.162300 ( -0.083178 0.000000 0.000000 ))
(24.178000 ( -0.081916 0.000000 0.000000 ))
(24.193700 ( -0.080579 0.000000 0.000000 ))
(24.209400 ( -0.079242 0.000000 0.000000 ))
(24.225100 ( -0.077834 0.000000 0.000000 ))
(24.240800 ( -0.076426 0.000000 0.000000 ))
(24.256500 ( -0.074951 0.000000 0.000000 ))
(24.272200 ( -0.073476 0.000000 0.000000 ))
(24.287900 ( -0.071938 0.000000 0.000000 ))
(24.303600 ( -0.070399 0.000000 0.000000 ))
(24.319300 ( -0.068802 0.000000 0.000000 ))
(24.335000 ( -0.067205 0.000000 0.000000 ))
(24.350700 ( -0.065554 0.000000 0.000000 ))
(24.366400 ( -0.063902 0.000000 0.000000 ))
(24.382100 ( -0.062200 0.000000 0.000000 ))
(24.397800 ( -0.060499 0.000000 0.000000 ))
(24.413500 ( -0.058752 0.000000 0.000000 ))
(24.429200 ( -0.057005 0.000000 0.000000 ))
(24.444900 ( -0.055218 0.000000 0.000000 ))
(24.460600 ( -0.053431 0.000000 0.000000 ))
(24.476300 ( -0.051608 0.000000 0.000000 ))
(24.492000 ( -0.049785 0.000000 0.000000 ))
(24.507700 ( -0.047931 0.000000 0.000000 ))
(24.523400 ( -0.046078 0.000000 0.000000 ))
(24.539100 ( -0.044199 0.000000 0.000000 ))
(24.554800 ( -0.042320 0.000000 0.000000 ))
(24.570500 ( -0.040420 0.000000 0.000000 ))
(24.586200 ( -0.038520 0.000000 0.000000 ))
(24.601900 ( -0.036604 0.000000 0.000000 ))
(24.617600 ( -0.034688 0.000000 0.000000 ))
(24.633300 ( -0.032762 0.000000 0.000000 ))
(24.649000 ( -0.030835 0.000000 0.000000 ))
(24.664700 ( -0.028902 0.000000 0.000000 ))
(24.680400 ( -0.026969 0.000000 0.000000 ))
(24.696100 ( -0.025035 0.000000 0.000000 ))
(24.711800 ( -0.023100 0.000000 0.000000 ))
(24.727500 ( -0.021169 0.000000 0.000000 ))
(24.743200 ( -0.019237 0.000000 0.000000 ))
(24.758900 ( -0.017313 0.000000 0.000000 ))
(24.774600 ( -0.015389 0.000000 0.000000 ))
(24.790300 ( -0.013476 0.000000 0.000000 ))
(24.806000 ( -0.011564 0.000000 0.000000 ))
(24.821700 ( -0.009667 0.000000 0.000000 ))
(24.837400 ( -0.007770 0.000000 0.000000 ))
(24.853100 ( -0.005892 0.000000 0.000000 ))
(24.868800 ( -0.004015 0.000000 0.000000 ))
(24.884500 ( -0.002160 0.000000 0.000000 ))
(24.900200 ( -0.000305 0.000000 0.000000 ))
(24.915900 ( 0.001523 0.000000 0.000000 ))
(24.931600 ( 0.003352 0.000000 0.000000 ))
(24.947300 ( 0.005151 0.000000 0.000000 ))
(24.963000 ( 0.006950 0.000000 0.000000 ))
(24.978700 ( 0.008718 0.000000 0.000000 ))
(24.994400 ( 0.010485 0.000000 0.000000 ))
(25.010100 ( 0.012217 0.000000 0.000000 ))
(25.025800 ( 0.013950 0.000000 0.000000 ))
(25.041500 ( 0.015646 0.000000 0.000000 ))
(25.057200 ( 0.017341 0.000000 0.000000 ))
(25.072900 ( 0.018998 0.000000 0.000000 ))
(25.088600 ( 0.020654 0.000000 0.000000 ))
(25.104300 ( 0.022270 0.000000 0.000000 ))
(25.120000 ( 0.023885 0.000000 0.000000 ))
(25.135700 ( 0.025458 0.000000 0.000000 ))
(25.151400 ( 0.027031 0.000000 0.000000 ))
(25.167100 ( 0.028560 0.000000 0.000000 ))
(25.182800 ( 0.030090 0.000000 0.000000 ))
(25.198500 ( 0.031574 0.000000 0.000000 ))
(25.214200 ( 0.033058 0.000000 0.000000 ))
(25.229900 ( 0.034496 0.000000 0.000000 ))
(25.245600 ( 0.035934 0.000000 0.000000 ))
(25.261300 ( 0.037325 0.000000 0.000000 ))
(25.277000 ( 0.038716 0.000000 0.000000 ))
(25.292700 ( 0.040060 0.000000 0.000000 ))
(25.308400 ( 0.041403 0.000000 0.000000 ))
(25.324100 ( 0.042699 0.000000 0.000000 ))
(25.339800 ( 0.043995 0.000000 0.000000 ))
(25.355500 ( 0.045243 0.000000 0.000000 ))
(25.371200 ( 0.046491 0.000000 0.000000 ))
(25.386900 ( 0.047690 0.000000 0.000000 ))
(25.402600 ( 0.048890 0.000000 0.000000 ))
(25.418300 ( 0.050041 0.000000 0.000000 ))
(25.434000 ( 0.051193 0.000000 0.000000 ))
(25.449700 ( 0.052296 0.000000 0.000000 ))
(25.465400 ( 0.053399 0.000000 0.000000 ))
(25.481100 ( 0.054454 0.000000 0.000000 ))
(25.496800 ( 0.055510 0.000000 0.000000 ))
(25.512500 ( 0.056517 0.000000 0.000000 ))
(25.528200 ( 0.057525 0.000000 0.000000 ))
(25.543900 ( 0.058485 0.000000 0.000000 ))
(25.559600 ( 0.059446 0.000000 0.000000 ))
(25.575300 ( 0.060359 0.000000 0.000000 ))
(25.591000 ( 0.061273 0.000000 0.000000 ))
(25.606700 ( 0.062140 0.000000 0.000000 ))
(25.622400 ( 0.063007 0.000000 0.000000 ))
(25.638100 ( 0.063828 0.000000 0.000000 ))
(25.653800 ( 0.064649 0.000000 0.000000 ))
(25.669500 ( 0.065424 0.000000 0.000000 ))
(25.685200 ( 0.066200 0.000000 0.000000 ))
(25.700900 ( 0.066930 0.000000 0.000000 ))
(25.716600 ( 0.067660 0.000000 0.000000 ))
(25.732300 ( 0.068344 0.000000 0.000000 ))
(25.748000 ( 0.069029 0.000000 0.000000 ))
(25.763700 ( 0.069669 0.000000 0.000000 ))
(25.779400 ( 0.070309 0.000000 0.000000 ))
(25.795100 ( 0.070905 0.000000 0.000000 ))
(25.810800 ( 0.071500 0.000000 0.000000 ))
(25.826500 ( 0.072051 0.000000 0.000000 ))
(25.842200 ( 0.072601 0.000000 0.000000 ))
(25.857900 ( 0.073108 0.000000 0.000000 ))
(25.873600 ( 0.073614 0.000000 0.000000 ))
(25.889300 ( 0.074075 0.000000 0.000000 ))
(25.905000 ( 0.074536 0.000000 0.000000 ))
(25.920700 ( 0.074953 0.000000 0.000000 ))
(25.936400 ( 0.075370 0.000000 0.000000 ))
(25.952100 ( 0.075741 0.000000 0.000000 ))
(25.967800 ( 0.076112 0.000000 0.000000 ))
(25.983500 ( 0.076438 0.000000 0.000000 ))
(25.999200 ( 0.076764 0.000000 0.000000 ))
(26.014900 ( 0.077043 0.000000 0.000000 ))
(26.030600 ( 0.077323 0.000000 0.000000 ))
(26.046300 ( 0.077556 0.000000 0.000000 ))
(26.062000 ( 0.077789 0.000000 0.000000 ))
(26.077700 ( 0.077975 0.000000 0.000000 ))
(26.093400 ( 0.078160 0.000000 0.000000 ))
(26.109100 ( 0.078298 0.000000 0.000000 ))
(26.124800 ( 0.078435 0.000000 0.000000 ))
(26.140500 ( 0.078524 0.000000 0.000000 ))
(26.156200 ( 0.078612 0.000000 0.000000 ))
(26.171900 ( 0.078651 0.000000 0.000000 ))
(26.187600 ( 0.078690 0.000000 0.000000 ))
(26.203300 ( 0.078679 0.000000 0.000000 ))
(26.219000 ( 0.078667 0.000000 0.000000 ))
(26.234700 ( 0.078605 0.000000 0.000000 ))
(26.250400 ( 0.078542 0.000000 0.000000 ))
(26.266100 ( 0.078428 0.000000 0.000000 ))
(26.281800 ( 0.078313 0.000000 0.000000 ))
(26.297500 ( 0.078146 0.000000 0.000000 ))
(26.313200 ( 0.077979 0.000000 0.000000 ))
(26.328900 ( 0.077758 0.000000 0.000000 ))
(26.344600 ( 0.077538 0.000000 0.000000 ))
(26.360300 ( 0.077263 0.000000 0.000000 ))
(26.376000 ( 0.076989 0.000000 0.000000 ))
(26.391700 ( 0.076660 0.000000 0.000000 ))
(26.407400 ( 0.076331 0.000000 0.000000 ))
(26.423100 ( 0.075947 0.000000 0.000000 ))
(26.438800 ( 0.075563 0.000000 0.000000 ))
(26.454500 ( 0.075124 0.000000 0.000000 ))
(26.470200 ( 0.074686 0.000000 0.000000 ))
(26.485900 ( 0.074191 0.000000 0.000000 ))
(26.501600 ( 0.073697 0.000000 0.000000 ))
(26.517300 ( 0.073148 0.000000 0.000000 ))
(26.533000 ( 0.072598 0.000000 0.000000 ))
(26.548700 ( 0.071994 0.000000 0.000000 ))
(26.564400 ( 0.071389 0.000000 0.000000 ))
(26.580100 ( 0.070730 0.000000 0.000000 ))
(26.595800 ( 0.070071 0.000000 0.000000 ))
(26.611500 ( 0.069357 0.000000 0.000000 ))
(26.627200 ( 0.068643 0.000000 0.000000 ))
(26.642900 ( 0.067876 0.000000 0.000000 ))
(26.658600 ( 0.067108 0.000000 0.000000 ))
(26.674300 ( 0.066288 0.000000 0.000000 ))
(26.690000 ( 0.065468 0.000000 0.000000 ))
(26.705700 ( 0.064595 0.000000 0.000000 ))
(26.721400 ( 0.063723 0.000000 0.000000 ))
(26.737100 ( 0.062799 0.000000 0.000000 ))
(26.752800 ( 0.061876 0.000000 0.000000 ))
(26.768500 ( 0.060903 0.000000 0.000000 ))
(26.784200 ( 0.059930 0.000000 0.000000 ))
(26.799900 ( 0.058908 0.000000 0.000000 ))
(26.815600 ( 0.057887 0.000000 0.000000 ))
(26.831300 ( 0.056819 0.000000 0.000000 ))
(26.847000 ( 0.055750 0.000000 0.000000 ))
(26.862700 ( 0.054637 0.000000 0.000000 ))
(26.878400 ( 0.053524 0.000000 0.000000 ))
(26.894100 ( 0.052368 0.000000 0.000000 ))
(26.909800 ( 0.051212 0.000000 0.000000 ))
(26.925500 ( 0.050015 0.000000 0.000000 ))
(26.941200 ( 0.048818 0.000000 0.000000 ))
(26.956900 ( 0.047583 0.000000 0.000000 ))
(26.972600 ( 0.046348 0.000000 0.000000 ))
(26.988300 ( 0.045077 0.000000 0.000000 ))
(27.004000 ( 0.043806 0.000000 0.000000 ))
(27.019700 ( 0.042502 0.000000 0.000000 ))
(27.035400 ( 0.041199 0.000000 0.000000 ))
(27.051100 ( 0.039866 0.000000 0.000000 ))
(27.066800 ( 0.038533 0.000000 0.000000 ))
(27.082500 ( 0.037173 0.000000 0.000000 ))
(27.098200 ( 0.035814 0.000000 0.000000 ))
(27.113900 ( 0.034432 0.000000 0.000000 ))
(27.129600 ( 0.033050 0.000000 0.000000 ))
(27.145300 ( 0.031649 0.000000 0.000000 ))
(27.161000 ( 0.030249 0.000000 0.000000 ))
(27.176700 ( 0.028833 0.000000 0.000000 ))
(27.192400 ( 0.027418 0.000000 0.000000 ))
(27.208100 ( 0.025992 0.000000 0.000000 ))
(27.223800 ( 0.024566 0.000000 0.000000 ))
(27.239500 ( 0.023133 0.000000 0.000000 ))
(27.255200 ( 0.021701 0.000000 0.000000 ))
(27.270900 ( 0.020267 0.000000 0.000000 ))
(27.286600 ( 0.018832 0.000000 0.000000 ))
(27.302300 ( 0.017401 0.000000 0.000000 ))
(27.318000 ( 0.015969 0.000000 0.000000 ))
(27.333700 ( 0.014544 0.000000 0.000000 ))
(27.349400 ( 0.013120 0.000000 0.000000 ))
(27.365100 ( 0.011706 0.000000 0.000000 ))
(27.380800 ( 0.010293 0.000000 0.000000 ))
(27.396500 ( 0.008896 0.000000 0.000000 ))
(27.412200 ( 0.007499 0.000000 0.000000 ))
(27.427900 ( 0.006123 0.000000 0.000000 ))
(27.443600 ( 0.004746 0.000000 0.000000 ))
(27.459300 ( 0.003395 0.000000 0.000000 ))
(27.475000 ( 0.002043 0.000000 0.000000 ))
(27.490700 ( 0.000720 0.000000 0.000000 ))
(27.506400 ( -0.000602 0.000000 0.000000 ))
(27.522100 ( -0.001892 0.000000 0.000000 ))
(27.537800 ( -0.003181 0.000000 0.000000 ))
(27.553500 ( -0.004434 0.000000 0.000000 ))
(27.569200 ( -0.005687 0.000000 0.000000 ))
(27.584900 ( -0.006899 0.000000 0.000000 ))
(27.600600 ( -0.008110 0.000000 0.000000 ))
(27.616300 ( -0.009278 0.000000 0.000000 ))
(27.632000 ( -0.010446 0.000000 0.000000 ))
(27.647700 ( -0.011567 0.000000 0.000000 ))
(27.663400 ( -0.012688 0.000000 0.000000 ))
(27.679100 ( -0.013759 0.000000 0.000000 ))
(27.694800 ( -0.014830 0.000000 0.000000 ))
(27.710500 ( -0.015849 0.000000 0.000000 ))
(27.726200 ( -0.016868 0.000000 0.000000 ))
(27.741900 ( -0.017833 0.000000 0.000000 ))
(27.757600 ( -0.018797 0.000000 0.000000 ))
(27.773300 ( -0.019705 0.000000 0.000000 ))
(27.789000 ( -0.020613 0.000000 0.000000 ))
(27.804700 ( -0.021464 0.000000 0.000000 ))
(27.820400 ( -0.022314 0.000000 0.000000 ))
(27.836100 ( -0.023106 0.000000 0.000000 ))
(27.851800 ( -0.023898 0.000000 0.000000 ))
(27.867500 ( -0.024630 0.000000 0.000000 ))
(27.883200 ( -0.025361 0.000000 0.000000 ))
(27.898900 ( -0.026033 0.000000 0.000000 ))
(27.914600 ( -0.026705 0.000000 0.000000 ))
(27.930300 ( -0.027316 0.000000 0.000000 ))
(27.946000 ( -0.027927 0.000000 0.000000 ))
(27.961700 ( -0.028478 0.000000 0.000000 ))
(27.977400 ( -0.029029 0.000000 0.000000 ))
(27.993100 ( -0.029520 0.000000 0.000000 ))
(28.008800 ( -0.030012 0.000000 0.000000 ))
(28.024500 ( -0.030443 0.000000 0.000000 ))
(28.040200 ( -0.030875 0.000000 0.000000 ))
(28.055900 ( -0.031249 0.000000 0.000000 ))
(28.071600 ( -0.031623 0.000000 0.000000 ))
(28.087300 ( -0.031940 0.000000 0.000000 ))
(28.103000 ( -0.032256 0.000000 0.000000 ))
(28.118700 ( -0.032518 0.000000 0.000000 ))
(28.134400 ( -0.032779 0.000000 0.000000 ))
(28.150100 ( -0.032987 0.000000 0.000000 ))
(28.165800 ( -0.033195 0.000000 0.000000 ))
(28.181500 ( -0.033351 0.000000 0.000000 ))
(28.197200 ( -0.033507 0.000000 0.000000 ))
(28.212900 ( -0.033614 0.000000 0.000000 ))
(28.228600 ( -0.033721 0.000000 0.000000 ))
(28.244300 ( -0.033781 0.000000 0.000000 ))
(28.260000 ( -0.033842 0.000000 0.000000 ))
(28.275700 ( -0.033858 0.000000 0.000000 ))
(28.291400 ( -0.033874 0.000000 0.000000 ))
(28.307100 ( -0.033848 0.000000 0.000000 ))
(28.322800 ( -0.033823 0.000000 0.000000 ))
(28.338500 ( -0.033759 0.000000 0.000000 ))
(28.354200 ( -0.033696 0.000000 0.000000 ))
(28.369900 ( -0.033597 0.000000 0.000000 ))
(28.385600 ( -0.033498 0.000000 0.000000 ))
(28.401300 ( -0.033367 0.000000 0.000000 ))
(28.417000 ( -0.033237 0.000000 0.000000 ))
(28.432700 ( -0.033077 0.000000 0.000000 ))
(28.448400 ( -0.032918 0.000000 0.000000 ))
(28.464100 ( -0.032733 0.000000 0.000000 ))
(28.479800 ( -0.032548 0.000000 0.000000 ))
(28.495500 ( -0.032341 0.000000 0.000000 ))
(28.511200 ( -0.032134 0.000000 0.000000 ))
(28.526900 ( -0.031909 0.000000 0.000000 ))
(28.542600 ( -0.031683 0.000000 0.000000 ))
(28.558300 ( -0.031442 0.000000 0.000000 ))
(28.574000 ( -0.031201 0.000000 0.000000 ))
(28.589700 ( -0.030949 0.000000 0.000000 ))
(28.605400 ( -0.030696 0.000000 0.000000 ))
(28.621100 ( -0.030435 0.000000 0.000000 ))
(28.636800 ( -0.030173 0.000000 0.000000 ))
(28.652500 ( -0.029907 0.000000 0.000000 ))
(28.668200 ( -0.029640 0.000000 0.000000 ))
(28.683900 ( -0.029371 0.000000 0.000000 ))
(28.699600 ( -0.029103 0.000000 0.000000 ))
(28.715300 ( -0.028835 0.000000 0.000000 ))
(28.731000 ( -0.028567 0.000000 0.000000 ))
(28.746700 ( -0.028303 0.000000 0.000000 ))
(28.762400 ( -0.028039 0.000000 0.000000 ))
(28.778100 ( -0.027781 0.000000 0.000000 ))
(28.793800 ( -0.027524 0.000000 0.000000 ))
(28.809500 ( -0.027276 0.000000 0.000000 ))
(28.825200 ( -0.027028 0.000000 0.000000 ))
(28.840900 ( -0.026793 0.000000 0.000000 ))
(28.856600 ( -0.026557 0.000000 0.000000 ))
(28.872300 ( -0.026336 0.000000 0.000000 ))
(28.888000 ( -0.026115 0.000000 0.000000 ))
(28.903700 ( -0.025911 0.000000 0.000000 ))
(28.919400 ( -0.025707 0.000000 0.000000 ))
(28.935100 ( -0.025522 0.000000 0.000000 ))
(28.950800 ( -0.025338 0.000000 0.000000 ))
(28.966500 ( -0.025175 0.000000 0.000000 ))
(28.982200 ( -0.025012 0.000000 0.000000 ))
(28.997900 ( -0.024872 0.000000 0.000000 ))
(29.013600 ( -0.024732 0.000000 0.000000 ))
(29.029300 ( -0.024618 0.000000 0.000000 ))
(29.045000 ( -0.024504 0.000000 0.000000 ))
(29.060700 ( -0.024416 0.000000 0.000000 ))
(29.076400 ( -0.024329 0.000000 0.000000 ))
(29.092100 ( -0.024270 0.000000 0.000000 ))
(29.107800 ( -0.024211 0.000000 0.000000 ))
(29.123500 ( -0.024181 0.000000 0.000000 ))
(29.139200 ( -0.024152 0.000000 0.000000 ))
(29.154900 ( -0.024154 0.000000 0.000000 ))
(29.170600 ( -0.024155 0.000000 0.000000 ))
(29.186300 ( -0.024189 0.000000 0.000000 ))
(29.202000 ( -0.024222 0.000000 0.000000 ))
(29.217700 ( -0.024288 0.000000 0.000000 ))
(29.233400 ( -0.024353 0.000000 0.000000 ))
(29.249100 ( -0.024452 0.000000 0.000000 ))
(29.264800 ( -0.024550 0.000000 0.000000 ))
(29.280500 ( -0.024682 0.000000 0.000000 ))
(29.296200 ( -0.024813 0.000000 0.000000 ))
(29.311900 ( -0.024978 0.000000 0.000000 ))
(29.327600 ( -0.025142 0.000000 0.000000 ))
(29.343300 ( -0.025339 0.000000 0.000000 ))
(29.359000 ( -0.025536 0.000000 0.000000 ))
(29.374700 ( -0.025766 0.000000 0.000000 ))
(29.390400 ( -0.025995 0.000000 0.000000 ))
(29.406100 ( -0.026256 0.000000 0.000000 ))
(29.421800 ( -0.026516 0.000000 0.000000 ))
(29.437500 ( -0.026807 0.000000 0.000000 ))
(29.453200 ( -0.027098 0.000000 0.000000 ))
(29.468900 ( -0.027419 0.000000 0.000000 ))
(29.484600 ( -0.027739 0.000000 0.000000 ))
(29.500300 ( -0.028087 0.000000 0.000000 ))
(29.516000 ( -0.028435 0.000000 0.000000 ))
(29.531700 ( -0.028809 0.000000 0.000000 ))
(29.547400 ( -0.029183 0.000000 0.000000 ))
(29.563100 ( -0.029581 0.000000 0.000000 ))
(29.578800 ( -0.029980 0.000000 0.000000 ))
(29.594500 ( -0.030400 0.000000 0.000000 ))
(29.610200 ( -0.030821 0.000000 0.000000 ))
(29.625900 ( -0.031262 0.000000 0.000000 ))
(29.641600 ( -0.031703 0.000000 0.000000 ))
(29.657300 ( -0.032162 0.000000 0.000000 ))
(29.673000 ( -0.032620 0.000000 0.000000 ))
(29.688700 ( -0.033095 0.000000 0.000000 ))
(29.704400 ( -0.033569 0.000000 0.000000 ))
(29.720100 ( -0.034056 0.000000 0.000000 ))
(29.735800 ( -0.034543 0.000000 0.000000 ))
(29.751500 ( -0.035041 0.000000 0.000000 ))
(29.767200 ( -0.035539 0.000000 0.000000 ))
(29.782900 ( -0.036044 0.000000 0.000000 ))
(29.798600 ( -0.036550 0.000000 0.000000 ))
(29.814300 ( -0.037061 0.000000 0.000000 ))
(29.830000 ( -0.037571 0.000000 0.000000 ))
(29.845700 ( -0.038085 0.000000 0.000000 ))
(29.861400 ( -0.038598 0.000000 0.000000 ))
(29.877100 ( -0.039111 0.000000 0.000000 ))
(29.892800 ( -0.039624 0.000000 0.000000 ))
(29.908500 ( -0.040135 0.000000 0.000000 ))
(29.924200 ( -0.040646 0.000000 0.000000 ))
(29.939900 ( -0.041151 0.000000 0.000000 ))
(29.955600 ( -0.041656 0.000000 0.000000 ))
(29.971300 ( 0.000000 0.000000 0.000000 ))
(29.987000 ( 0.000000 0.000000 0.000000 ))
)
