907
(
(0.000000 ( -0.007580 0.000000 0.000000 ))
(0.017652 ( -0.007203 0.000000 0.000000 ))
(0.035304 ( -0.006827 0.000000 0.000000 ))
(0.052956 ( -0.006397 0.000000 0.000000 ))
(0.070608 ( -0.005967 0.000000 0.000000 ))
(0.088260 ( -0.005488 0.000000 0.000000 ))
(0.105912 ( -0.005009 0.000000 0.000000 ))
(0.123564 ( -0.004486 0.000000 0.000000 ))
(0.141216 ( -0.003963 0.000000 0.000000 ))
(0.158868 ( -0.003402 0.000000 0.000000 ))
(0.176520 ( -0.002841 0.000000 0.000000 ))
(0.194172 ( -0.002248 0.000000 0.000000 ))
(0.211824 ( -0.001655 0.000000 0.000000 ))
(0.229476 ( -0.001036 0.000000 0.000000 ))
(0.247128 ( -0.000418 0.000000 0.000000 ))
(0.264780 ( 0.000220 0.000000 0.000000 ))
(0.282432 ( 0.000857 0.000000 0.000000 ))
(0.300084 ( 0.001506 0.000000 0.000000 ))
(0.317736 ( 0.002156 0.000000 0.000000 ))
(0.335388 ( 0.002809 0.000000 0.000000 ))
(0.353040 ( 0.003463 0.000000 0.000000 ))
(0.370692 ( 0.004114 0.000000 0.000000 ))
(0.388344 ( 0.004765 0.000000 0.000000 ))
(0.405996 ( 0.005406 0.000000 0.000000 ))
(0.423648 ( 0.006047 0.000000 0.000000 ))
(0.441300 ( 0.006671 0.000000 0.000000 ))
(0.458952 ( 0.007295 0.000000 0.000000 ))
(0.476604 ( 0.007894 0.000000 0.000000 ))
(0.494256 ( 0.008494 0.000000 0.000000 ))
(0.511908 ( 0.009062 0.000000 0.000000 ))
(0.529560 ( 0.009630 0.000000 0.000000 ))
(0.547212 ( 0.010160 0.000000 0.000000 ))
(0.564864 ( 0.010690 0.000000 0.000000 ))
(0.582516 ( 0.011174 0.000000 0.000000 ))
(0.600168 ( 0.011659 0.000000 0.000000 ))
(0.617820 ( 0.012092 0.000000 0.000000 ))
(0.635472 ( 0.012526 0.000000 0.000000 ))
(0.653124 ( 0.012901 0.000000 0.000000 ))
(0.670776 ( 0.013277 0.000000 0.000000 ))
(0.688428 ( 0.013588 0.000000 0.000000 ))
(0.706080 ( 0.013900 0.000000 0.000000 ))
(0.723732 ( 0.014143 0.000000 0.000000 ))
(0.741384 ( 0.014386 0.000000 0.000000 ))
(0.759036 ( 0.014554 0.000000 0.000000 ))
(0.776688 ( 0.014722 0.000000 0.000000 ))
(0.794340 ( 0.014811 0.000000 0.000000 ))
(0.811992 ( 0.014901 0.000000 0.000000 ))
(0.829644 ( 0.014906 0.000000 0.000000 ))
(0.847296 ( 0.014912 0.000000 0.000000 ))
(0.864948 ( 0.014830 0.000000 0.000000 ))
(0.882600 ( 0.014749 0.000000 0.000000 ))
(0.900252 ( 0.014577 0.000000 0.000000 ))
(0.917904 ( 0.014405 0.000000 0.000000 ))
(0.935556 ( 0.014140 0.000000 0.000000 ))
(0.953208 ( 0.013875 0.000000 0.000000 ))
(0.970860 ( 0.013516 0.000000 0.000000 ))
(0.988512 ( 0.013157 0.000000 0.000000 ))
(1.006164 ( 0.012703 0.000000 0.000000 ))
(1.023816 ( 0.012248 0.000000 0.000000 ))
(1.041468 ( 0.011699 0.000000 0.000000 ))
(1.059120 ( 0.011150 0.000000 0.000000 ))
(1.076772 ( 0.010508 0.000000 0.000000 ))
(1.094424 ( 0.009866 0.000000 0.000000 ))
(1.112076 ( 0.009133 0.000000 0.000000 ))
(1.129728 ( 0.008401 0.000000 0.000000 ))
(1.147380 ( 0.007581 0.000000 0.000000 ))
(1.165032 ( 0.006762 0.000000 0.000000 ))
(1.182684 ( 0.005863 0.000000 0.000000 ))
(1.200336 ( 0.004963 0.000000 0.000000 ))
(1.217988 ( 0.003989 0.000000 0.000000 ))
(1.235640 ( 0.003015 0.000000 0.000000 ))
(1.253292 ( 0.001977 0.000000 0.000000 ))
(1.270944 ( 0.000938 0.000000 0.000000 ))
(1.288596 ( -0.000156 0.000000 0.000000 ))
(1.306248 ( -0.001250 0.000000 0.000000 ))
(1.323900 ( -0.002387 0.000000 0.000000 ))
(1.341552 ( -0.003524 0.000000 0.000000 ))
(1.359204 ( -0.004691 0.000000 0.000000 ))
(1.376856 ( -0.005858 0.000000 0.000000 ))
(1.394508 ( -0.007040 0.000000 0.000000 ))
(1.412160 ( -0.008222 0.000000 0.000000 ))
(1.429812 ( -0.009403 0.000000 0.000000 ))
(1.447464 ( -0.010584 0.000000 0.000000 ))
(1.465116 ( -0.011748 0.000000 0.000000 ))
(1.482768 ( -0.012911 0.000000 0.000000 ))
(1.500420 ( -0.014039 0.000000 0.000000 ))
(1.518072 ( -0.015166 0.000000 0.000000 ))
(1.535724 ( -0.016239 0.000000 0.000000 ))
(1.553376 ( -0.017311 0.000000 0.000000 ))
(1.571028 ( -0.018310 0.000000 0.000000 ))
(1.588680 ( -0.019309 0.000000 0.000000 ))
(1.606332 ( -0.020214 0.000000 0.000000 ))
(1.623984 ( -0.021120 0.000000 0.000000 ))
(1.641636 ( -0.021913 0.000000 0.000000 ))
(1.659288 ( -0.022707 0.000000 0.000000 ))
(1.676940 ( -0.023370 0.000000 0.000000 ))
(1.694592 ( -0.024033 0.000000 0.000000 ))
(1.712244 ( -0.024549 0.000000 0.000000 ))
(1.729896 ( -0.025064 0.000000 0.000000 ))
(1.747548 ( -0.025417 0.000000 0.000000 ))
(1.765200 ( -0.025769 0.000000 0.000000 ))
(1.782852 ( -0.025944 0.000000 0.000000 ))
(1.800504 ( -0.026119 0.000000 0.000000 ))
(1.818156 ( -0.026104 0.000000 0.000000 ))
(1.835808 ( -0.026090 0.000000 0.000000 ))
(1.853460 ( -0.025878 0.000000 0.000000 ))
(1.871112 ( -0.025665 0.000000 0.000000 ))
(1.888764 ( -0.025248 0.000000 0.000000 ))
(1.906416 ( -0.024831 0.000000 0.000000 ))
(1.924068 ( -0.024207 0.000000 0.000000 ))
(1.941720 ( -0.023582 0.000000 0.000000 ))
(1.959372 ( -0.022751 0.000000 0.000000 ))
(1.977024 ( -0.021919 0.000000 0.000000 ))
(1.994676 ( -0.020884 0.000000 0.000000 ))
(2.012328 ( -0.019850 0.000000 0.000000 ))
(2.029980 ( -0.018620 0.000000 0.000000 ))
(2.047632 ( -0.017390 0.000000 0.000000 ))
(2.065284 ( -0.015977 0.000000 0.000000 ))
(2.082936 ( -0.014564 0.000000 0.000000 ))
(2.100588 ( -0.012982 0.000000 0.000000 ))
(2.118240 ( -0.011401 0.000000 0.000000 ))
(2.135892 ( -0.009671 0.000000 0.000000 ))
(2.153544 ( -0.007941 0.000000 0.000000 ))
(2.171196 ( -0.006085 0.000000 0.000000 ))
(2.188848 ( -0.004229 0.000000 0.000000 ))
(2.206500 ( -0.002272 0.000000 0.000000 ))
(2.224152 ( -0.000316 0.000000 0.000000 ))
(2.241804 ( 0.001712 0.000000 0.000000 ))
(2.259456 ( 0.003740 0.000000 0.000000 ))
(2.277108 ( 0.005807 0.000000 0.000000 ))
(2.294760 ( 0.007875 0.000000 0.000000 ))
(2.312412 ( 0.009950 0.000000 0.000000 ))
(2.330064 ( 0.012024 0.000000 0.000000 ))
(2.347716 ( 0.014071 0.000000 0.000000 ))
(2.365368 ( 0.016117 0.000000 0.000000 ))
(2.383020 ( 0.018100 0.000000 0.000000 ))
(2.400672 ( 0.020082 0.000000 0.000000 ))
(2.418324 ( 0.021965 0.000000 0.000000 ))
(2.435976 ( 0.023848 0.000000 0.000000 ))
(2.453628 ( 0.025596 0.000000 0.000000 ))
(2.471280 ( 0.027344 0.000000 0.000000 ))
(2.488932 ( 0.028923 0.000000 0.000000 ))
(2.506584 ( 0.030502 0.000000 0.000000 ))
(2.524236 ( 0.031879 0.000000 0.000000 ))
(2.541888 ( 0.033257 0.000000 0.000000 ))
(2.559540 ( 0.034403 0.000000 0.000000 ))
(2.577192 ( 0.035549 0.000000 0.000000 ))
(2.594844 ( 0.036437 0.000000 0.000000 ))
(2.612496 ( 0.037326 0.000000 0.000000 ))
(2.630148 ( 0.037933 0.000000 0.000000 ))
(2.647800 ( 0.038541 0.000000 0.000000 ))
(2.665452 ( 0.038849 0.000000 0.000000 ))
(2.683104 ( 0.039158 0.000000 0.000000 ))
(2.700756 ( 0.039154 0.000000 0.000000 ))
(2.718408 ( 0.039150 0.000000 0.000000 ))
(2.736060 ( 0.038825 0.000000 0.000000 ))
(2.753712 ( 0.038500 0.000000 0.000000 ))
(2.771364 ( 0.037851 0.000000 0.000000 ))
(2.789016 ( 0.037202 0.000000 0.000000 ))
(2.806668 ( 0.036232 0.000000 0.000000 ))
(2.824320 ( 0.035263 0.000000 0.000000 ))
(2.841972 ( 0.033981 0.000000 0.000000 ))
(2.859624 ( 0.032699 0.000000 0.000000 ))
(2.877276 ( 0.031120 0.000000 0.000000 ))
(2.894928 ( 0.029541 0.000000 0.000000 ))
(2.912580 ( 0.027684 0.000000 0.000000 ))
(2.930232 ( 0.025828 0.000000 0.000000 ))
(2.947884 ( 0.023720 0.000000 0.000000 ))
(2.965536 ( 0.021612 0.000000 0.000000 ))
(2.983188 ( 0.019283 0.000000 0.000000 ))
(3.000840 ( 0.016955 0.000000 0.000000 ))
(3.018492 ( 0.014441 0.000000 0.000000 ))
(3.036144 ( 0.011927 0.000000 0.000000 ))
(3.053796 ( 0.009268 0.000000 0.000000 ))
(3.071448 ( 0.006608 0.000000 0.000000 ))
(3.089100 ( 0.003846 0.000000 0.000000 ))
(3.106752 ( 0.001084 0.000000 0.000000 ))
(3.124404 ( -0.001735 0.000000 0.000000 ))
(3.142056 ( -0.004554 0.000000 0.000000 ))
(3.159708 ( -0.007383 0.000000 0.000000 ))
(3.177360 ( -0.010212 0.000000 0.000000 ))
(3.195012 ( -0.013002 0.000000 0.000000 ))
(3.212664 ( -0.015792 0.000000 0.000000 ))
(3.230316 ( -0.018494 0.000000 0.000000 ))
(3.247968 ( -0.021196 0.000000 0.000000 ))
(3.265620 ( -0.023763 0.000000 0.000000 ))
(3.283272 ( -0.026330 0.000000 0.000000 ))
(3.300924 ( -0.028715 0.000000 0.000000 ))
(3.318576 ( -0.031100 0.000000 0.000000 ))
(3.336228 ( -0.033260 0.000000 0.000000 ))
(3.353880 ( -0.035420 0.000000 0.000000 ))
(3.371532 ( -0.037315 0.000000 0.000000 ))
(3.389184 ( -0.039209 0.000000 0.000000 ))
(3.406836 ( -0.040802 0.000000 0.000000 ))
(3.424488 ( -0.042395 0.000000 0.000000 ))
(3.442140 ( -0.043655 0.000000 0.000000 ))
(3.459792 ( -0.044915 0.000000 0.000000 ))
(3.477444 ( -0.045817 0.000000 0.000000 ))
(3.495096 ( -0.046720 0.000000 0.000000 ))
(3.512748 ( -0.047244 0.000000 0.000000 ))
(3.530400 ( -0.047768 0.000000 0.000000 ))
(3.548052 ( -0.047902 0.000000 0.000000 ))
(3.565704 ( -0.048036 0.000000 0.000000 ))
(3.583356 ( -0.047773 0.000000 0.000000 ))
(3.601008 ( -0.047510 0.000000 0.000000 ))
(3.618660 ( -0.046851 0.000000 0.000000 ))
(3.636312 ( -0.046192 0.000000 0.000000 ))
(3.653964 ( -0.045145 0.000000 0.000000 ))
(3.671616 ( -0.044097 0.000000 0.000000 ))
(3.689268 ( -0.042677 0.000000 0.000000 ))
(3.706920 ( -0.041256 0.000000 0.000000 ))
(3.724572 ( -0.039484 0.000000 0.000000 ))
(3.742224 ( -0.037712 0.000000 0.000000 ))
(3.759876 ( -0.035616 0.000000 0.000000 ))
(3.777528 ( -0.033520 0.000000 0.000000 ))
(3.795180 ( -0.031133 0.000000 0.000000 ))
(3.812832 ( -0.028747 0.000000 0.000000 ))
(3.830484 ( -0.026110 0.000000 0.000000 ))
(3.848136 ( -0.023473 0.000000 0.000000 ))
(3.865788 ( -0.020629 0.000000 0.000000 ))
(3.883440 ( -0.017785 0.000000 0.000000 ))
(3.901092 ( -0.014782 0.000000 0.000000 ))
(3.918744 ( -0.011779 0.000000 0.000000 ))
(3.936396 ( -0.008667 0.000000 0.000000 ))
(3.954048 ( -0.005555 0.000000 0.000000 ))
(3.971700 ( -0.002387 0.000000 0.000000 ))
(3.989352 ( 0.000781 0.000000 0.000000 ))
(4.007004 ( 0.003951 0.000000 0.000000 ))
(4.024656 ( 0.007121 0.000000 0.000000 ))
(4.042308 ( 0.010239 0.000000 0.000000 ))
(4.059960 ( 0.013357 0.000000 0.000000 ))
(4.077612 ( 0.016370 0.000000 0.000000 ))
(4.095264 ( 0.019383 0.000000 0.000000 ))
(4.112916 ( 0.022239 0.000000 0.000000 ))
(4.130568 ( 0.025096 0.000000 0.000000 ))
(4.148220 ( 0.027747 0.000000 0.000000 ))
(4.165872 ( 0.030398 0.000000 0.000000 ))
(4.183524 ( 0.032799 0.000000 0.000000 ))
(4.201176 ( 0.035200 0.000000 0.000000 ))
(4.218828 ( 0.037309 0.000000 0.000000 ))
(4.236480 ( 0.039419 0.000000 0.000000 ))
(4.254132 ( 0.041203 0.000000 0.000000 ))
(4.271784 ( 0.042986 0.000000 0.000000 ))
(4.289436 ( 0.044413 0.000000 0.000000 ))
(4.307088 ( 0.045840 0.000000 0.000000 ))
(4.324740 ( 0.046887 0.000000 0.000000 ))
(4.342392 ( 0.047935 0.000000 0.000000 ))
(4.360044 ( 0.048586 0.000000 0.000000 ))
(4.377696 ( 0.049236 0.000000 0.000000 ))
(4.395348 ( 0.049481 0.000000 0.000000 ))
(4.413000 ( 0.049725 0.000000 0.000000 ))
(4.430652 ( 0.049560 0.000000 0.000000 ))
(4.448304 ( 0.049395 0.000000 0.000000 ))
(4.465956 ( 0.048826 0.000000 0.000000 ))
(4.483608 ( 0.048256 0.000000 0.000000 ))
(4.501260 ( 0.047293 0.000000 0.000000 ))
(4.518912 ( 0.046330 0.000000 0.000000 ))
(4.536564 ( 0.044993 0.000000 0.000000 ))
(4.554216 ( 0.043655 0.000000 0.000000 ))
(4.571868 ( 0.041966 0.000000 0.000000 ))
(4.589520 ( 0.040278 0.000000 0.000000 ))
(4.607172 ( 0.038270 0.000000 0.000000 ))
(4.624824 ( 0.036261 0.000000 0.000000 ))
(4.642476 ( 0.033969 0.000000 0.000000 ))
(4.660128 ( 0.031676 0.000000 0.000000 ))
(4.677780 ( 0.029141 0.000000 0.000000 ))
(4.695432 ( 0.026605 0.000000 0.000000 ))
(4.713084 ( 0.023870 0.000000 0.000000 ))
(4.730736 ( 0.021135 0.000000 0.000000 ))
(4.748388 ( 0.018248 0.000000 0.000000 ))
(4.766040 ( 0.015361 0.000000 0.000000 ))
(4.783692 ( 0.012373 0.000000 0.000000 ))
(4.801344 ( 0.009385 0.000000 0.000000 ))
(4.818996 ( 0.006345 0.000000 0.000000 ))
(4.836648 ( 0.003306 0.000000 0.000000 ))
(4.854300 ( 0.000267 0.000000 0.000000 ))
(4.871952 ( -0.002772 0.000000 0.000000 ))
(4.889604 ( -0.005759 0.000000 0.000000 ))
(4.907256 ( -0.008746 0.000000 0.000000 ))
(4.924908 ( -0.011632 0.000000 0.000000 ))
(4.942560 ( -0.014519 0.000000 0.000000 ))
(4.960212 ( -0.017257 0.000000 0.000000 ))
(4.977864 ( -0.019995 0.000000 0.000000 ))
(4.995516 ( -0.022541 0.000000 0.000000 ))
(5.013168 ( -0.025087 0.000000 0.000000 ))
(5.030820 ( -0.027400 0.000000 0.000000 ))
(5.048472 ( -0.029713 0.000000 0.000000 ))
(5.066124 ( -0.031758 0.000000 0.000000 ))
(5.083776 ( -0.033803 0.000000 0.000000 ))
(5.101428 ( -0.035548 0.000000 0.000000 ))
(5.119080 ( -0.037294 0.000000 0.000000 ))
(5.136732 ( -0.038715 0.000000 0.000000 ))
(5.154384 ( -0.040136 0.000000 0.000000 ))
(5.172036 ( -0.041214 0.000000 0.000000 ))
(5.189688 ( -0.042291 0.000000 0.000000 ))
(5.207340 ( -0.043011 0.000000 0.000000 ))
(5.224992 ( -0.043732 0.000000 0.000000 ))
(5.242644 ( -0.044088 0.000000 0.000000 ))
(5.260296 ( -0.044445 0.000000 0.000000 ))
(5.277948 ( -0.044437 0.000000 0.000000 ))
(5.295600 ( -0.044429 0.000000 0.000000 ))
(5.313252 ( -0.044063 0.000000 0.000000 ))
(5.330904 ( -0.043696 0.000000 0.000000 ))
(5.348556 ( -0.042982 0.000000 0.000000 ))
(5.366208 ( -0.042269 0.000000 0.000000 ))
(5.383860 ( -0.041225 0.000000 0.000000 ))
(5.401512 ( -0.040182 0.000000 0.000000 ))
(5.419164 ( -0.038832 0.000000 0.000000 ))
(5.436816 ( -0.037482 0.000000 0.000000 ))
(5.454468 ( -0.035852 0.000000 0.000000 ))
(5.472120 ( -0.034223 0.000000 0.000000 ))
(5.489772 ( -0.032346 0.000000 0.000000 ))
(5.507424 ( -0.030469 0.000000 0.000000 ))
(5.525076 ( -0.028380 0.000000 0.000000 ))
(5.542728 ( -0.026291 0.000000 0.000000 ))
(5.560380 ( -0.024028 0.000000 0.000000 ))
(5.578032 ( -0.021766 0.000000 0.000000 ))
(5.595684 ( -0.019370 0.000000 0.000000 ))
(5.613336 ( -0.016975 0.000000 0.000000 ))
(5.630988 ( -0.014489 0.000000 0.000000 ))
(5.648640 ( -0.012003 0.000000 0.000000 ))
(5.666292 ( -0.009469 0.000000 0.000000 ))
(5.683944 ( -0.006935 0.000000 0.000000 ))
(5.701596 ( -0.004397 0.000000 0.000000 ))
(5.719248 ( -0.001858 0.000000 0.000000 ))
(5.736900 ( 0.000644 0.000000 0.000000 ))
(5.754552 ( 0.003146 0.000000 0.000000 ))
(5.772204 ( 0.005570 0.000000 0.000000 ))
(5.789856 ( 0.007994 0.000000 0.000000 ))
(5.807508 ( 0.010302 0.000000 0.000000 ))
(5.825160 ( 0.012610 0.000000 0.000000 ))
(5.842812 ( 0.014767 0.000000 0.000000 ))
(5.860464 ( 0.016924 0.000000 0.000000 ))
(5.878116 ( 0.018897 0.000000 0.000000 ))
(5.895768 ( 0.020870 0.000000 0.000000 ))
(5.913420 ( 0.022632 0.000000 0.000000 ))
(5.931072 ( 0.024393 0.000000 0.000000 ))
(5.948724 ( 0.025919 0.000000 0.000000 ))
(5.966376 ( 0.027444 0.000000 0.000000 ))
(5.984028 ( 0.028714 0.000000 0.000000 ))
(6.001680 ( 0.029985 0.000000 0.000000 ))
(6.019332 ( 0.030985 0.000000 0.000000 ))
(6.036984 ( 0.031985 0.000000 0.000000 ))
(6.054636 ( 0.032706 0.000000 0.000000 ))
(6.072288 ( 0.033427 0.000000 0.000000 ))
(6.089940 ( 0.033863 0.000000 0.000000 ))
(6.107592 ( 0.034299 0.000000 0.000000 ))
(6.125244 ( 0.034452 0.000000 0.000000 ))
(6.142896 ( 0.034604 0.000000 0.000000 ))
(6.160548 ( 0.034478 0.000000 0.000000 ))
(6.178200 ( 0.034351 0.000000 0.000000 ))
(6.195852 ( 0.033955 0.000000 0.000000 ))
(6.213504 ( 0.033559 0.000000 0.000000 ))
(6.231156 ( 0.032908 0.000000 0.000000 ))
(6.248808 ( 0.032256 0.000000 0.000000 ))
(6.266460 ( 0.031367 0.000000 0.000000 ))
(6.284112 ( 0.030478 0.000000 0.000000 ))
(6.301764 ( 0.029373 0.000000 0.000000 ))
(6.319416 ( 0.028268 0.000000 0.000000 ))
(6.337068 ( 0.026971 0.000000 0.000000 ))
(6.354720 ( 0.025675 0.000000 0.000000 ))
(6.372372 ( 0.024213 0.000000 0.000000 ))
(6.390024 ( 0.022752 0.000000 0.000000 ))
(6.407676 ( 0.021154 0.000000 0.000000 ))
(6.425328 ( 0.019557 0.000000 0.000000 ))
(6.442980 ( 0.017855 0.000000 0.000000 ))
(6.460632 ( 0.016152 0.000000 0.000000 ))
(6.478284 ( 0.014375 0.000000 0.000000 ))
(6.495936 ( 0.012599 0.000000 0.000000 ))
(6.513588 ( 0.010779 0.000000 0.000000 ))
(6.531240 ( 0.008960 0.000000 0.000000 ))
(6.548892 ( 0.007129 0.000000 0.000000 ))
(6.566544 ( 0.005299 0.000000 0.000000 ))
(6.584196 ( 0.003487 0.000000 0.000000 ))
(6.601848 ( 0.001675 0.000000 0.000000 ))
(6.619500 ( -0.000089 0.000000 0.000000 ))
(6.637152 ( -0.001853 0.000000 0.000000 ))
(6.654804 ( -0.003543 0.000000 0.000000 ))
(6.672456 ( -0.005232 0.000000 0.000000 ))
(6.690108 ( -0.006821 0.000000 0.000000 ))
(6.707760 ( -0.008410 0.000000 0.000000 ))
(6.725412 ( -0.009878 0.000000 0.000000 ))
(6.743064 ( -0.011345 0.000000 0.000000 ))
(6.760716 ( -0.012670 0.000000 0.000000 ))
(6.778368 ( -0.013996 0.000000 0.000000 ))
(6.796020 ( -0.015164 0.000000 0.000000 ))
(6.813672 ( -0.016332 0.000000 0.000000 ))
(6.831324 ( -0.017329 0.000000 0.000000 ))
(6.848976 ( -0.018326 0.000000 0.000000 ))
(6.866628 ( -0.019142 0.000000 0.000000 ))
(6.884280 ( -0.019959 0.000000 0.000000 ))
(6.901932 ( -0.020589 0.000000 0.000000 ))
(6.919584 ( -0.021220 0.000000 0.000000 ))
(6.937236 ( -0.021661 0.000000 0.000000 ))
(6.954888 ( -0.022102 0.000000 0.000000 ))
(6.972540 ( -0.022355 0.000000 0.000000 ))
(6.990192 ( -0.022608 0.000000 0.000000 ))
(7.007844 ( -0.022676 0.000000 0.000000 ))
(7.025496 ( -0.022744 0.000000 0.000000 ))
(7.043148 ( -0.022634 0.000000 0.000000 ))
(7.060800 ( -0.022524 0.000000 0.000000 ))
(7.078452 ( -0.022246 0.000000 0.000000 ))
(7.096104 ( -0.021968 0.000000 0.000000 ))
(7.113756 ( -0.021533 0.000000 0.000000 ))
(7.131408 ( -0.021099 0.000000 0.000000 ))
(7.149060 ( -0.020522 0.000000 0.000000 ))
(7.166712 ( -0.019945 0.000000 0.000000 ))
(7.184364 ( -0.019242 0.000000 0.000000 ))
(7.202016 ( -0.018539 0.000000 0.000000 ))
(7.219668 ( -0.017726 0.000000 0.000000 ))
(7.237320 ( -0.016914 0.000000 0.000000 ))
(7.254972 ( -0.016011 0.000000 0.000000 ))
(7.272624 ( -0.015107 0.000000 0.000000 ))
(7.290276 ( -0.014132 0.000000 0.000000 ))
(7.307928 ( -0.013156 0.000000 0.000000 ))
(7.325580 ( -0.012128 0.000000 0.000000 ))
(7.343232 ( -0.011100 0.000000 0.000000 ))
(7.360884 ( -0.010037 0.000000 0.000000 ))
(7.378536 ( -0.008975 0.000000 0.000000 ))
(7.396188 ( -0.007897 0.000000 0.000000 ))
(7.413840 ( -0.006820 0.000000 0.000000 ))
(7.431492 ( -0.005744 0.000000 0.000000 ))
(7.449144 ( -0.004669 0.000000 0.000000 ))
(7.466796 ( -0.003613 0.000000 0.000000 ))
(7.484448 ( -0.002557 0.000000 0.000000 ))
(7.502100 ( -0.001536 0.000000 0.000000 ))
(7.519752 ( -0.000515 0.000000 0.000000 ))
(7.537404 ( 0.000457 0.000000 0.000000 ))
(7.555056 ( 0.001430 0.000000 0.000000 ))
(7.572708 ( 0.002341 0.000000 0.000000 ))
(7.590360 ( 0.003252 0.000000 0.000000 ))
(7.608012 ( 0.004092 0.000000 0.000000 ))
(7.625664 ( 0.004931 0.000000 0.000000 ))
(7.643316 ( 0.005690 0.000000 0.000000 ))
(7.660968 ( 0.006449 0.000000 0.000000 ))
(7.678620 ( 0.007121 0.000000 0.000000 ))
(7.696272 ( 0.007793 0.000000 0.000000 ))
(7.713924 ( 0.008373 0.000000 0.000000 ))
(7.731576 ( 0.008953 0.000000 0.000000 ))
(7.749228 ( 0.009437 0.000000 0.000000 ))
(7.766880 ( 0.009922 0.000000 0.000000 ))
(7.784532 ( 0.010310 0.000000 0.000000 ))
(7.802184 ( 0.010698 0.000000 0.000000 ))
(7.819836 ( 0.010991 0.000000 0.000000 ))
(7.837488 ( 0.011283 0.000000 0.000000 ))
(7.855140 ( 0.011481 0.000000 0.000000 ))
(7.872792 ( 0.011679 0.000000 0.000000 ))
(7.890444 ( 0.011787 0.000000 0.000000 ))
(7.908096 ( 0.011895 0.000000 0.000000 ))
(7.925748 ( 0.011916 0.000000 0.000000 ))
(7.943400 ( 0.011938 0.000000 0.000000 ))
(7.961052 ( 0.011879 0.000000 0.000000 ))
(7.978704 ( 0.011820 0.000000 0.000000 ))
(7.996356 ( 0.011687 0.000000 0.000000 ))
(8.014008 ( 0.011554 0.000000 0.000000 ))
(8.031660 ( 0.011354 0.000000 0.000000 ))
(8.049312 ( 0.011154 0.000000 0.000000 ))
(8.066964 ( 0.010894 0.000000 0.000000 ))
(8.084616 ( 0.010634 0.000000 0.000000 ))
(8.102268 ( 0.010323 0.000000 0.000000 ))
(8.119920 ( 0.010011 0.000000 0.000000 ))
(8.137572 ( 0.009656 0.000000 0.000000 ))
(8.155224 ( 0.009300 0.000000 0.000000 ))
(8.172876 ( 0.008908 0.000000 0.000000 ))
(8.190528 ( 0.008517 0.000000 0.000000 ))
(8.208180 ( 0.008096 0.000000 0.000000 ))
(8.225832 ( 0.007676 0.000000 0.000000 ))
(8.243484 ( 0.007234 0.000000 0.000000 ))
(8.261136 ( 0.006792 0.000000 0.000000 ))
(8.278788 ( 0.006336 0.000000 0.000000 ))
(8.296440 ( 0.005879 0.000000 0.000000 ))
(8.314092 ( 0.005415 0.000000 0.000000 ))
(8.331744 ( 0.004950 0.000000 0.000000 ))
(8.349396 ( 0.004483 0.000000 0.000000 ))
(8.367048 ( 0.004016 0.000000 0.000000 ))
(8.384700 ( 0.003553 0.000000 0.000000 ))
(8.402352 ( 0.003089 0.000000 0.000000 ))
(8.420004 ( 0.002632 0.000000 0.000000 ))
(8.437656 ( 0.002176 0.000000 0.000000 ))
(8.455308 ( 0.001732 0.000000 0.000000 ))
(8.472960 ( 0.001287 0.000000 0.000000 ))
(8.490612 ( 0.000858 0.000000 0.000000 ))
(8.508264 ( 0.000429 0.000000 0.000000 ))
(8.525916 ( 0.000019 0.000000 0.000000 ))
(8.543568 ( -0.000392 0.000000 0.000000 ))
(8.561220 ( -0.000781 0.000000 0.000000 ))
(8.578872 ( -0.001170 0.000000 0.000000 ))
(8.596524 ( -0.001536 0.000000 0.000000 ))
(8.614176 ( -0.001902 0.000000 0.000000 ))
(8.631828 ( -0.002243 0.000000 0.000000 ))
(8.649480 ( -0.002584 0.000000 0.000000 ))
(8.667132 ( -0.002898 0.000000 0.000000 ))
(8.684784 ( -0.003213 0.000000 0.000000 ))
(8.702436 ( -0.003499 0.000000 0.000000 ))
(8.720088 ( -0.003785 0.000000 0.000000 ))
(8.737740 ( -0.004041 0.000000 0.000000 ))
(8.755392 ( -0.004298 0.000000 0.000000 ))
(8.773044 ( -0.004524 0.000000 0.000000 ))
(8.790696 ( -0.004750 0.000000 0.000000 ))
(8.808348 ( -0.004945 0.000000 0.000000 ))
(8.826000 ( -0.005140 0.000000 0.000000 ))
(8.843652 ( -0.005303 0.000000 0.000000 ))
(8.861304 ( -0.005466 0.000000 0.000000 ))
(8.878956 ( -0.005595 0.000000 0.000000 ))
(8.896608 ( -0.005725 0.000000 0.000000 ))
(8.914260 ( -0.005822 0.000000 0.000000 ))
(8.931912 ( -0.005918 0.000000 0.000000 ))
(8.949564 ( -0.005980 0.000000 0.000000 ))
(8.967216 ( -0.006042 0.000000 0.000000 ))
(8.984868 ( -0.006070 0.000000 0.000000 ))
(9.002520 ( -0.006098 0.000000 0.000000 ))
(9.020172 ( -0.006091 0.000000 0.000000 ))
(9.037824 ( -0.006084 0.000000 0.000000 ))
(9.055476 ( -0.006042 0.000000 0.000000 ))
(9.073128 ( -0.006001 0.000000 0.000000 ))
(9.090780 ( -0.005925 0.000000 0.000000 ))
(9.108432 ( -0.005849 0.000000 0.000000 ))
(9.126084 ( -0.005739 0.000000 0.000000 ))
(9.143736 ( -0.005630 0.000000 0.000000 ))
(9.161388 ( -0.005487 0.000000 0.000000 ))
(9.179040 ( -0.005345 0.000000 0.000000 ))
(9.196692 ( -0.005171 0.000000 0.000000 ))
(9.214344 ( -0.004998 0.000000 0.000000 ))
(9.231996 ( -0.004795 0.000000 0.000000 ))
(9.249648 ( -0.004591 0.000000 0.000000 ))
(9.267300 ( -0.004361 0.000000 0.000000 ))
(9.284952 ( -0.004131 0.000000 0.000000 ))
(9.302604 ( -0.003876 0.000000 0.000000 ))
(9.320256 ( -0.003621 0.000000 0.000000 ))
(9.337908 ( -0.003346 0.000000 0.000000 ))
(9.355560 ( -0.003070 0.000000 0.000000 ))
(9.373212 ( -0.002777 0.000000 0.000000 ))
(9.390864 ( -0.002484 0.000000 0.000000 ))
(9.408516 ( -0.002178 0.000000 0.000000 ))
(9.426168 ( -0.001871 0.000000 0.000000 ))
(9.443820 ( -0.001557 0.000000 0.000000 ))
(9.461472 ( -0.001242 0.000000 0.000000 ))
(9.479124 ( -0.000924 0.000000 0.000000 ))
(9.496776 ( -0.000606 0.000000 0.000000 ))
(9.514428 ( -0.000290 0.000000 0.000000 ))
(9.532080 ( 0.000026 0.000000 0.000000 ))
(9.549732 ( 0.000335 0.000000 0.000000 ))
(9.567384 ( 0.000643 0.000000 0.000000 ))
(9.585036 ( 0.000940 0.000000 0.000000 ))
(9.602688 ( 0.001236 0.000000 0.000000 ))
(9.620340 ( 0.001514 0.000000 0.000000 ))
(9.637992 ( 0.001792 0.000000 0.000000 ))
(9.655644 ( 0.002046 0.000000 0.000000 ))
(9.673296 ( 0.002301 0.000000 0.000000 ))
(9.690948 ( 0.002528 0.000000 0.000000 ))
(9.708600 ( 0.002754 0.000000 0.000000 ))
(9.726252 ( 0.002949 0.000000 0.000000 ))
(9.743904 ( 0.003143 0.000000 0.000000 ))
(9.761556 ( 0.003301 0.000000 0.000000 ))
(9.779208 ( 0.003458 0.000000 0.000000 ))
(9.796860 ( 0.003577 0.000000 0.000000 ))
(9.814512 ( 0.003695 0.000000 0.000000 ))
(9.832164 ( 0.003772 0.000000 0.000000 ))
(9.849816 ( 0.003849 0.000000 0.000000 ))
(9.867468 ( 0.003883 0.000000 0.000000 ))
(9.885120 ( 0.003917 0.000000 0.000000 ))
(9.902772 ( 0.003908 0.000000 0.000000 ))
(9.920424 ( 0.003898 0.000000 0.000000 ))
(9.938076 ( 0.003846 0.000000 0.000000 ))
(9.955728 ( 0.003794 0.000000 0.000000 ))
(9.973380 ( 0.003701 0.000000 0.000000 ))
(9.991032 ( 0.003608 0.000000 0.000000 ))
(10.008684 ( 0.003476 0.000000 0.000000 ))
(10.026336 ( 0.003345 0.000000 0.000000 ))
(10.043988 ( 0.003178 0.000000 0.000000 ))
(10.061640 ( 0.003012 0.000000 0.000000 ))
(10.079292 ( 0.002815 0.000000 0.000000 ))
(10.096944 ( 0.002619 0.000000 0.000000 ))
(10.114596 ( 0.002397 0.000000 0.000000 ))
(10.132248 ( 0.002176 0.000000 0.000000 ))
(10.149900 ( 0.001936 0.000000 0.000000 ))
(10.167552 ( 0.001696 0.000000 0.000000 ))
(10.185204 ( 0.001444 0.000000 0.000000 ))
(10.202856 ( 0.001191 0.000000 0.000000 ))
(10.220508 ( 0.000934 0.000000 0.000000 ))
(10.238160 ( 0.000677 0.000000 0.000000 ))
(10.255812 ( 0.000422 0.000000 0.000000 ))
(10.273464 ( 0.000167 0.000000 0.000000 ))
(10.291116 ( -0.000079 0.000000 0.000000 ))
(10.308768 ( -0.000324 0.000000 0.000000 ))
(10.326420 ( -0.000553 0.000000 0.000000 ))
(10.344072 ( -0.000782 0.000000 0.000000 ))
(10.361724 ( -0.000988 0.000000 0.000000 ))
(10.379376 ( -0.001194 0.000000 0.000000 ))
(10.397028 ( -0.001370 0.000000 0.000000 ))
(10.414680 ( -0.001546 0.000000 0.000000 ))
(10.432332 ( -0.001687 0.000000 0.000000 ))
(10.449984 ( -0.001829 0.000000 0.000000 ))
(10.467636 ( -0.001931 0.000000 0.000000 ))
(10.485288 ( -0.002033 0.000000 0.000000 ))
(10.502940 ( -0.002092 0.000000 0.000000 ))
(10.520592 ( -0.002151 0.000000 0.000000 ))
(10.538244 ( -0.002165 0.000000 0.000000 ))
(10.555896 ( -0.002179 0.000000 0.000000 ))
(10.573548 ( -0.002147 0.000000 0.000000 ))
(10.591200 ( -0.002115 0.000000 0.000000 ))
(10.608852 ( -0.002037 0.000000 0.000000 ))
(10.626504 ( -0.001960 0.000000 0.000000 ))
(10.644156 ( -0.001838 0.000000 0.000000 ))
(10.661808 ( -0.001716 0.000000 0.000000 ))
(10.679460 ( -0.001554 0.000000 0.000000 ))
(10.697112 ( -0.001391 0.000000 0.000000 ))
(10.714764 ( -0.001192 0.000000 0.000000 ))
(10.732416 ( -0.000993 0.000000 0.000000 ))
(10.750068 ( -0.000763 0.000000 0.000000 ))
(10.767720 ( -0.000532 0.000000 0.000000 ))
(10.785372 ( -0.000278 0.000000 0.000000 ))
(10.803024 ( -0.000023 0.000000 0.000000 ))
(10.820676 ( 0.000249 0.000000 0.000000 ))
(10.838328 ( 0.000521 0.000000 0.000000 ))
(10.855980 ( 0.000802 0.000000 0.000000 ))
(10.873632 ( 0.001082 0.000000 0.000000 ))
(10.891284 ( 0.001363 0.000000 0.000000 ))
(10.908936 ( 0.001644 0.000000 0.000000 ))
(10.926588 ( 0.001916 0.000000 0.000000 ))
(10.944240 ( 0.002188 0.000000 0.000000 ))
(10.961892 ( 0.002442 0.000000 0.000000 ))
(10.979544 ( 0.002696 0.000000 0.000000 ))
(10.997196 ( 0.002924 0.000000 0.000000 ))
(11.014848 ( 0.003151 0.000000 0.000000 ))
(11.032500 ( 0.003343 0.000000 0.000000 ))
(11.050152 ( 0.003536 0.000000 0.000000 ))
(11.067804 ( 0.003686 0.000000 0.000000 ))
(11.085456 ( 0.003836 0.000000 0.000000 ))
(11.103108 ( 0.003937 0.000000 0.000000 ))
(11.120760 ( 0.004038 0.000000 0.000000 ))
(11.138412 ( 0.004085 0.000000 0.000000 ))
(11.156064 ( 0.004131 0.000000 0.000000 ))
(11.173716 ( 0.004119 0.000000 0.000000 ))
(11.191368 ( 0.004107 0.000000 0.000000 ))
(11.209020 ( 0.004035 0.000000 0.000000 ))
(11.226672 ( 0.003962 0.000000 0.000000 ))
(11.244324 ( 0.003827 0.000000 0.000000 ))
(11.261976 ( 0.003692 0.000000 0.000000 ))
(11.279628 ( 0.003496 0.000000 0.000000 ))
(11.297280 ( 0.003300 0.000000 0.000000 ))
(11.314932 ( 0.003045 0.000000 0.000000 ))
(11.332584 ( 0.002790 0.000000 0.000000 ))
(11.350236 ( 0.002480 0.000000 0.000000 ))
(11.367888 ( 0.002170 0.000000 0.000000 ))
(11.385540 ( 0.001811 0.000000 0.000000 ))
(11.403192 ( 0.001453 0.000000 0.000000 ))
(11.420844 ( 0.001052 0.000000 0.000000 ))
(11.438496 ( 0.000651 0.000000 0.000000 ))
(11.456148 ( 0.000218 0.000000 0.000000 ))
(11.473800 ( -0.000216 0.000000 0.000000 ))
(11.491452 ( -0.000673 0.000000 0.000000 ))
(11.509104 ( -0.001131 0.000000 0.000000 ))
(11.526756 ( -0.001601 0.000000 0.000000 ))
(11.544408 ( -0.002071 0.000000 0.000000 ))
(11.562060 ( -0.002542 0.000000 0.000000 ))
(11.579712 ( -0.003014 0.000000 0.000000 ))
(11.597364 ( -0.003475 0.000000 0.000000 ))
(11.615016 ( -0.003936 0.000000 0.000000 ))
(11.632668 ( -0.004375 0.000000 0.000000 ))
(11.650320 ( -0.004814 0.000000 0.000000 ))
(11.667972 ( -0.005219 0.000000 0.000000 ))
(11.685624 ( -0.005624 0.000000 0.000000 ))
(11.703276 ( -0.005984 0.000000 0.000000 ))
(11.720928 ( -0.006345 0.000000 0.000000 ))
(11.738580 ( -0.006649 0.000000 0.000000 ))
(11.756232 ( -0.006954 0.000000 0.000000 ))
(11.773884 ( -0.007195 0.000000 0.000000 ))
(11.791536 ( -0.007435 0.000000 0.000000 ))
(11.809188 ( -0.007603 0.000000 0.000000 ))
(11.826840 ( -0.007770 0.000000 0.000000 ))
(11.844492 ( -0.007860 0.000000 0.000000 ))
(11.862144 ( -0.007949 0.000000 0.000000 ))
(11.879796 ( -0.007954 0.000000 0.000000 ))
(11.897448 ( -0.007960 0.000000 0.000000 ))
(11.915100 ( -0.007880 0.000000 0.000000 ))
(11.932752 ( -0.007800 0.000000 0.000000 ))
(11.950404 ( -0.007633 0.000000 0.000000 ))
(11.968056 ( -0.007466 0.000000 0.000000 ))
(11.985708 ( -0.007214 0.000000 0.000000 ))
(12.003360 ( -0.006962 0.000000 0.000000 ))
(12.021012 ( -0.006629 0.000000 0.000000 ))
(12.038664 ( -0.006295 0.000000 0.000000 ))
(12.056316 ( -0.005885 0.000000 0.000000 ))
(12.073968 ( -0.005475 0.000000 0.000000 ))
(12.091620 ( -0.004997 0.000000 0.000000 ))
(12.109272 ( -0.004518 0.000000 0.000000 ))
(12.126924 ( -0.003980 0.000000 0.000000 ))
(12.144576 ( -0.003441 0.000000 0.000000 ))
(12.162228 ( -0.002854 0.000000 0.000000 ))
(12.179880 ( -0.002266 0.000000 0.000000 ))
(12.197532 ( -0.001642 0.000000 0.000000 ))
(12.215184 ( -0.001017 0.000000 0.000000 ))
(12.232836 ( -0.000368 0.000000 0.000000 ))
(12.250488 ( 0.000280 0.000000 0.000000 ))
(12.268140 ( 0.000940 0.000000 0.000000 ))
(12.285792 ( 0.001599 0.000000 0.000000 ))
(12.303444 ( 0.002255 0.000000 0.000000 ))
(12.321096 ( 0.002910 0.000000 0.000000 ))
(12.338748 ( 0.003548 0.000000 0.000000 ))
(12.356400 ( 0.004186 0.000000 0.000000 ))
(12.374052 ( 0.004793 0.000000 0.000000 ))
(12.391704 ( 0.005399 0.000000 0.000000 ))
(12.409356 ( 0.005961 0.000000 0.000000 ))
(12.427008 ( 0.006522 0.000000 0.000000 ))
(12.444660 ( 0.007026 0.000000 0.000000 ))
(12.462312 ( 0.007531 0.000000 0.000000 ))
(12.479964 ( 0.007966 0.000000 0.000000 ))
(12.497616 ( 0.008402 0.000000 0.000000 ))
(12.515268 ( 0.008760 0.000000 0.000000 ))
(12.532920 ( 0.009118 0.000000 0.000000 ))
(12.550572 ( 0.009390 0.000000 0.000000 ))
(12.568224 ( 0.009662 0.000000 0.000000 ))
(12.585876 ( 0.009842 0.000000 0.000000 ))
(12.603528 ( 0.010022 0.000000 0.000000 ))
(12.621180 ( 0.010106 0.000000 0.000000 ))
(12.638832 ( 0.010190 0.000000 0.000000 ))
(12.656484 ( 0.010176 0.000000 0.000000 ))
(12.674136 ( 0.010163 0.000000 0.000000 ))
(12.691788 ( 0.010051 0.000000 0.000000 ))
(12.709440 ( 0.009940 0.000000 0.000000 ))
(12.727092 ( 0.009733 0.000000 0.000000 ))
(12.744744 ( 0.009527 0.000000 0.000000 ))
(12.762396 ( 0.009230 0.000000 0.000000 ))
(12.780048 ( 0.008933 0.000000 0.000000 ))
(12.797700 ( 0.008551 0.000000 0.000000 ))
(12.815352 ( 0.008170 0.000000 0.000000 ))
(12.833004 ( 0.007713 0.000000 0.000000 ))
(12.850656 ( 0.007255 0.000000 0.000000 ))
(12.868308 ( 0.006732 0.000000 0.000000 ))
(12.885960 ( 0.006208 0.000000 0.000000 ))
(12.903612 ( 0.005630 0.000000 0.000000 ))
(12.921264 ( 0.005052 0.000000 0.000000 ))
(12.938916 ( 0.004430 0.000000 0.000000 ))
(12.956568 ( 0.003809 0.000000 0.000000 ))
(12.974220 ( 0.003158 0.000000 0.000000 ))
(12.991872 ( 0.002507 0.000000 0.000000 ))
(13.009524 ( 0.001839 0.000000 0.000000 ))
(13.027176 ( 0.001172 0.000000 0.000000 ))
(13.044828 ( 0.000501 0.000000 0.000000 ))
(13.062480 ( -0.000170 0.000000 0.000000 ))
(13.080132 ( -0.000830 0.000000 0.000000 ))
(13.097784 ( -0.001490 0.000000 0.000000 ))
(13.115436 ( -0.002127 0.000000 0.000000 ))
(13.133088 ( -0.002765 0.000000 0.000000 ))
(13.150740 ( -0.003367 0.000000 0.000000 ))
(13.168392 ( -0.003969 0.000000 0.000000 ))
(13.186044 ( -0.004525 0.000000 0.000000 ))
(13.203696 ( -0.005081 0.000000 0.000000 ))
(13.221348 ( -0.005581 0.000000 0.000000 ))
(13.239000 ( -0.006081 0.000000 0.000000 ))
(13.256652 ( -0.006517 0.000000 0.000000 ))
(13.274304 ( -0.006952 0.000000 0.000000 ))
(13.291956 ( -0.007318 0.000000 0.000000 ))
(13.309608 ( -0.007683 0.000000 0.000000 ))
(13.327260 ( -0.007972 0.000000 0.000000 ))
(13.344912 ( -0.008262 0.000000 0.000000 ))
(13.362564 ( -0.008472 0.000000 0.000000 ))
(13.380216 ( -0.008683 0.000000 0.000000 ))
(13.397868 ( -0.008813 0.000000 0.000000 ))
(13.415520 ( -0.008944 0.000000 0.000000 ))
(13.433172 ( -0.008994 0.000000 0.000000 ))
(13.450824 ( -0.009045 0.000000 0.000000 ))
(13.468476 ( -0.009018 0.000000 0.000000 ))
(13.486128 ( -0.008991 0.000000 0.000000 ))
(13.503780 ( -0.008890 0.000000 0.000000 ))
(13.521432 ( -0.008789 0.000000 0.000000 ))
(13.539084 ( -0.008620 0.000000 0.000000 ))
(13.556736 ( -0.008450 0.000000 0.000000 ))
(13.574388 ( -0.008217 0.000000 0.000000 ))
(13.592040 ( -0.007985 0.000000 0.000000 ))
(13.609692 ( -0.007697 0.000000 0.000000 ))
(13.627344 ( -0.007410 0.000000 0.000000 ))
(13.644996 ( -0.007075 0.000000 0.000000 ))
(13.662648 ( -0.006740 0.000000 0.000000 ))
(13.680300 ( -0.006367 0.000000 0.000000 ))
(13.697952 ( -0.005994 0.000000 0.000000 ))
(13.715604 ( -0.005591 0.000000 0.000000 ))
(13.733256 ( -0.005189 0.000000 0.000000 ))
(13.750908 ( -0.004766 0.000000 0.000000 ))
(13.768560 ( -0.004343 0.000000 0.000000 ))
(13.786212 ( -0.003908 0.000000 0.000000 ))
(13.803864 ( -0.003474 0.000000 0.000000 ))
(13.821516 ( -0.003037 0.000000 0.000000 ))
(13.839168 ( -0.002599 0.000000 0.000000 ))
(13.856820 ( -0.002167 0.000000 0.000000 ))
(13.874472 ( -0.001735 0.000000 0.000000 ))
(13.892124 ( -0.001314 0.000000 0.000000 ))
(13.909776 ( -0.000894 0.000000 0.000000 ))
(13.927428 ( -0.000493 0.000000 0.000000 ))
(13.945080 ( -0.000091 0.000000 0.000000 ))
(13.962732 ( 0.000287 0.000000 0.000000 ))
(13.980384 ( 0.000664 0.000000 0.000000 ))
(13.998036 ( 0.001014 0.000000 0.000000 ))
(14.015688 ( 0.001363 0.000000 0.000000 ))
(14.033340 ( 0.001682 0.000000 0.000000 ))
(14.050992 ( 0.002000 0.000000 0.000000 ))
(14.068644 ( 0.002285 0.000000 0.000000 ))
(14.086296 ( 0.002570 0.000000 0.000000 ))
(14.103948 ( 0.002820 0.000000 0.000000 ))
(14.121600 ( 0.003071 0.000000 0.000000 ))
(14.139252 ( 0.003287 0.000000 0.000000 ))
(14.156904 ( 0.003502 0.000000 0.000000 ))
(14.174556 ( 0.003685 0.000000 0.000000 ))
(14.192208 ( 0.003867 0.000000 0.000000 ))
(14.209860 ( 0.004017 0.000000 0.000000 ))
(14.227512 ( 0.004168 0.000000 0.000000 ))
(14.245164 ( 0.004288 0.000000 0.000000 ))
(14.262816 ( 0.004409 0.000000 0.000000 ))
(14.280468 ( 0.004502 0.000000 0.000000 ))
(14.298120 ( 0.004595 0.000000 0.000000 ))
(14.315772 ( 0.004665 0.000000 0.000000 ))
(14.333424 ( 0.004734 0.000000 0.000000 ))
(14.351076 ( 0.004783 0.000000 0.000000 ))
(14.368728 ( 0.004832 0.000000 0.000000 ))
(14.386380 ( 0.004863 0.000000 0.000000 ))
(14.404032 ( 0.004895 0.000000 0.000000 ))
(14.421684 ( 0.004912 0.000000 0.000000 ))
(14.439336 ( 0.004929 0.000000 0.000000 ))
(14.456988 ( 0.004935 0.000000 0.000000 ))
(14.474640 ( 0.004940 0.000000 0.000000 ))
(14.492292 ( 0.004937 0.000000 0.000000 ))
(14.509944 ( 0.004934 0.000000 0.000000 ))
(14.527596 ( 0.004924 0.000000 0.000000 ))
(14.545248 ( 0.004914 0.000000 0.000000 ))
(14.562900 ( 0.004898 0.000000 0.000000 ))
(14.580552 ( 0.004883 0.000000 0.000000 ))
(14.598204 ( 0.004863 0.000000 0.000000 ))
(14.615856 ( 0.004842 0.000000 0.000000 ))
(14.633508 ( 0.004818 0.000000 0.000000 ))
(14.651160 ( 0.004793 0.000000 0.000000 ))
(14.668812 ( 0.004764 0.000000 0.000000 ))
(14.686464 ( 0.004734 0.000000 0.000000 ))
(14.704116 ( 0.004699 0.000000 0.000000 ))
(14.721768 ( 0.004664 0.000000 0.000000 ))
(14.739420 ( 0.004621 0.000000 0.000000 ))
(14.757072 ( 0.004578 0.000000 0.000000 ))
(14.774724 ( 0.004525 0.000000 0.000000 ))
(14.792376 ( 0.004473 0.000000 0.000000 ))
(14.810028 ( 0.004409 0.000000 0.000000 ))
(14.827680 ( 0.004345 0.000000 0.000000 ))
(14.845332 ( 0.004266 0.000000 0.000000 ))
(14.862984 ( 0.004187 0.000000 0.000000 ))
(14.880636 ( 0.004091 0.000000 0.000000 ))
(14.898288 ( 0.003995 0.000000 0.000000 ))
(14.915940 ( 0.003880 0.000000 0.000000 ))
(14.933592 ( 0.003764 0.000000 0.000000 ))
(14.951244 ( 0.003626 0.000000 0.000000 ))
(14.968896 ( 0.003488 0.000000 0.000000 ))
(14.986548 ( 0.003326 0.000000 0.000000 ))
(15.004200 ( 0.003163 0.000000 0.000000 ))
(15.021852 ( 0.002975 0.000000 0.000000 ))
(15.039504 ( 0.002786 0.000000 0.000000 ))
(15.057156 ( 0.002570 0.000000 0.000000 ))
(15.074808 ( 0.002354 0.000000 0.000000 ))
(15.092460 ( 0.002110 0.000000 0.000000 ))
(15.110112 ( 0.001866 0.000000 0.000000 ))
(15.127764 ( 0.001594 0.000000 0.000000 ))
(15.145416 ( 0.001322 0.000000 0.000000 ))
(15.163068 ( 0.001023 0.000000 0.000000 ))
(15.180720 ( 0.000724 0.000000 0.000000 ))
(15.198372 ( 0.000399 0.000000 0.000000 ))
(15.216024 ( 0.000075 0.000000 0.000000 ))
(15.233676 ( -0.000272 0.000000 0.000000 ))
(15.251328 ( -0.000619 0.000000 0.000000 ))
(15.268980 ( -0.000986 0.000000 0.000000 ))
(15.286632 ( -0.001352 0.000000 0.000000 ))
(15.304284 ( -0.001734 0.000000 0.000000 ))
(15.321936 ( -0.002116 0.000000 0.000000 ))
(15.339588 ( -0.002509 0.000000 0.000000 ))
(15.357240 ( -0.002901 0.000000 0.000000 ))
(15.374892 ( -0.003299 0.000000 0.000000 ))
(15.392544 ( -0.003696 0.000000 0.000000 ))
(15.410196 ( -0.004093 0.000000 0.000000 ))
(15.427848 ( -0.004490 0.000000 0.000000 ))
(15.445500 ( -0.004880 0.000000 0.000000 ))
(15.463152 ( -0.005269 0.000000 0.000000 ))
(15.480804 ( -0.005646 0.000000 0.000000 ))
(15.498456 ( -0.006022 0.000000 0.000000 ))
(15.516108 ( -0.006378 0.000000 0.000000 ))
(15.533760 ( -0.006735 0.000000 0.000000 ))
(15.551412 ( -0.007064 0.000000 0.000000 ))
(15.569064 ( -0.007393 0.000000 0.000000 ))
(15.586716 ( -0.007690 0.000000 0.000000 ))
(15.604368 ( -0.007986 0.000000 0.000000 ))
(15.622020 ( -0.008243 0.000000 0.000000 ))
(15.639672 ( -0.008500 0.000000 0.000000 ))
(15.657324 ( -0.008713 0.000000 0.000000 ))
(15.674976 ( -0.008925 0.000000 0.000000 ))
(15.692628 ( -0.009088 0.000000 0.000000 ))
(15.710280 ( -0.009250 0.000000 0.000000 ))
(15.727932 ( -0.009358 0.000000 0.000000 ))
(15.745584 ( -0.009467 0.000000 0.000000 ))
(15.763236 ( -0.009517 0.000000 0.000000 ))
(15.780888 ( -0.009568 0.000000 0.000000 ))
(15.798540 ( -0.009558 0.000000 0.000000 ))
(15.816192 ( -0.009549 0.000000 0.000000 ))
(15.833844 ( -0.009477 0.000000 0.000000 ))
(15.851496 ( -0.009405 0.000000 0.000000 ))
(15.869148 ( -0.009270 0.000000 0.000000 ))
(15.886800 ( -0.009135 0.000000 0.000000 ))
(15.904452 ( -0.008937 0.000000 0.000000 ))
(15.922104 ( -0.008739 0.000000 0.000000 ))
(15.939756 ( -0.008479 0.000000 0.000000 ))
(15.957408 ( -0.008219 0.000000 0.000000 ))
(15.975060 ( 0.000000 0.000000 0.000000 ))
(15.992712 ( 0.000000 0.000000 0.000000 ))
)
