1910
(
(0.000000 ( -0.067796 0.000000 0.000000 ))
(0.015700 ( -0.067780 0.000000 0.000000 ))
(0.031400 ( -0.067763 0.000000 0.000000 ))
(0.047100 ( -0.067731 0.000000 0.000000 ))
(0.062800 ( -0.067698 0.000000 0.000000 ))
(0.078500 ( -0.067637 0.000000 0.000000 ))
(0.094200 ( -0.067575 0.000000 0.000000 ))
(0.109900 ( -0.067507 0.000000 0.000000 ))
(0.125600 ( -0.067439 0.000000 0.000000 ))
(0.141300 ( -0.067336 0.000000 0.000000 ))
(0.157000 ( -0.067232 0.000000 0.000000 ))
(0.172700 ( -0.067121 0.000000 0.000000 ))
(0.188400 ( -0.067009 0.000000 0.000000 ))
(0.204100 ( -0.066866 0.000000 0.000000 ))
(0.219800 ( -0.066722 0.000000 0.000000 ))
(0.235500 ( -0.066558 0.000000 0.000000 ))
(0.251200 ( -0.066394 0.000000 0.000000 ))
(0.266900 ( -0.066211 0.000000 0.000000 ))
(0.282600 ( -0.066028 0.000000 0.000000 ))
(0.298300 ( -0.065813 0.000000 0.000000 ))
(0.314000 ( -0.065597 0.000000 0.000000 ))
(0.329700 ( -0.065367 0.000000 0.000000 ))
(0.345400 ( -0.065137 0.000000 0.000000 ))
(0.361100 ( -0.064865 0.000000 0.000000 ))
(0.376800 ( -0.064594 0.000000 0.000000 ))
(0.392500 ( -0.064314 0.000000 0.000000 ))
(0.408200 ( -0.064035 0.000000 0.000000 ))
(0.423900 ( -0.063713 0.000000 0.000000 ))
(0.439600 ( -0.063390 0.000000 0.000000 ))
(0.455300 ( -0.063045 0.000000 0.000000 ))
(0.471000 ( -0.062700 0.000000 0.000000 ))
(0.486700 ( -0.062329 0.000000 0.000000 ))
(0.502400 ( -0.061959 0.000000 0.000000 ))
(0.518100 ( -0.061552 0.000000 0.000000 ))
(0.533800 ( -0.061145 0.000000 0.000000 ))
(0.549500 ( -0.060717 0.000000 0.000000 ))
(0.565200 ( -0.060289 0.000000 0.000000 ))
(0.580900 ( -0.059817 0.000000 0.000000 ))
(0.596600 ( -0.059344 0.000000 0.000000 ))
(0.612300 ( -0.058853 0.000000 0.000000 ))
(0.628000 ( -0.058362 0.000000 0.000000 ))
(0.643700 ( -0.057823 0.000000 0.000000 ))
(0.659400 ( -0.057285 0.000000 0.000000 ))
(0.675100 ( -0.056723 0.000000 0.000000 ))
(0.690800 ( -0.056162 0.000000 0.000000 ))
(0.706500 ( -0.055563 0.000000 0.000000 ))
(0.722200 ( -0.054964 0.000000 0.000000 ))
(0.737900 ( -0.054324 0.000000 0.000000 ))
(0.753600 ( -0.053685 0.000000 0.000000 ))
(0.769300 ( -0.053022 0.000000 0.000000 ))
(0.785000 ( -0.052359 0.000000 0.000000 ))
(0.800700 ( -0.051649 0.000000 0.000000 ))
(0.816400 ( -0.050939 0.000000 0.000000 ))
(0.832100 ( -0.050200 0.000000 0.000000 ))
(0.847800 ( -0.049462 0.000000 0.000000 ))
(0.863500 ( -0.048672 0.000000 0.000000 ))
(0.879200 ( -0.047883 0.000000 0.000000 ))
(0.894900 ( -0.047072 0.000000 0.000000 ))
(0.910600 ( -0.046262 0.000000 0.000000 ))
(0.926300 ( -0.045401 0.000000 0.000000 ))
(0.942000 ( -0.044540 0.000000 0.000000 ))
(0.957700 ( -0.043640 0.000000 0.000000 ))
(0.973400 ( -0.042739 0.000000 0.000000 ))
(0.989100 ( -0.041812 0.000000 0.000000 ))
(1.004800 ( -0.040885 0.000000 0.000000 ))
(1.020500 ( -0.039908 0.000000 0.000000 ))
(1.036200 ( -0.038931 0.000000 0.000000 ))
(1.051900 ( -0.037926 0.000000 0.000000 ))
(1.067600 ( -0.036920 0.000000 0.000000 ))
(1.083300 ( -0.035864 0.000000 0.000000 ))
(1.099000 ( -0.034809 0.000000 0.000000 ))
(1.114700 ( -0.033722 0.000000 0.000000 ))
(1.130400 ( -0.032635 0.000000 0.000000 ))
(1.146100 ( -0.031501 0.000000 0.000000 ))
(1.161800 ( -0.030366 0.000000 0.000000 ))
(1.177500 ( -0.029198 0.000000 0.000000 ))
(1.193200 ( -0.028029 0.000000 0.000000 ))
(1.208900 ( -0.026826 0.000000 0.000000 ))
(1.224600 ( -0.025622 0.000000 0.000000 ))
(1.240300 ( -0.024370 0.000000 0.000000 ))
(1.256000 ( -0.023118 0.000000 0.000000 ))
(1.271700 ( -0.021844 0.000000 0.000000 ))
(1.287400 ( -0.020570 0.000000 0.000000 ))
(1.303100 ( -0.019248 0.000000 0.000000 ))
(1.318800 ( -0.017927 0.000000 0.000000 ))
(1.334500 ( -0.016574 0.000000 0.000000 ))
(1.350200 ( -0.015220 0.000000 0.000000 ))
(1.365900 ( -0.013825 0.000000 0.000000 ))
(1.381600 ( -0.012429 0.000000 0.000000 ))
(1.397300 ( -0.011007 0.000000 0.000000 ))
(1.413000 ( -0.009584 0.000000 0.000000 ))
(1.428700 ( -0.008123 0.000000 0.000000 ))
(1.444400 ( -0.006662 0.000000 0.000000 ))
(1.460100 ( -0.005162 0.000000 0.000000 ))
(1.475800 ( -0.003662 0.000000 0.000000 ))
(1.491500 ( -0.002146 0.000000 0.000000 ))
(1.507200 ( -0.000629 0.000000 0.000000 ))
(1.522900 ( 0.000929 0.000000 0.000000 ))
(1.538600 ( 0.002486 0.000000 0.000000 ))
(1.554300 ( 0.004065 0.000000 0.000000 ))
(1.570000 ( 0.005644 0.000000 0.000000 ))
(1.585700 ( 0.007255 0.000000 0.000000 ))
(1.601400 ( 0.008866 0.000000 0.000000 ))
(1.617100 ( 0.010503 0.000000 0.000000 ))
(1.632800 ( 0.012139 0.000000 0.000000 ))
(1.648500 ( 0.013800 0.000000 0.000000 ))
(1.664200 ( 0.015462 0.000000 0.000000 ))
(1.679900 ( 0.017148 0.000000 0.000000 ))
(1.695600 ( 0.018834 0.000000 0.000000 ))
(1.711300 ( 0.020532 0.000000 0.000000 ))
(1.727000 ( 0.022231 0.000000 0.000000 ))
(1.742700 ( 0.023959 0.000000 0.000000 ))
(1.758400 ( 0.025686 0.000000 0.000000 ))
(1.774100 ( 0.027419 0.000000 0.000000 ))
(1.789800 ( 0.029151 0.000000 0.000000 ))
(1.805500 ( 0.030903 0.000000 0.000000 ))
(1.821200 ( 0.032654 0.000000 0.000000 ))
(1.836900 ( 0.034419 0.000000 0.000000 ))
(1.852600 ( 0.036184 0.000000 0.000000 ))
(1.868300 ( 0.037956 0.000000 0.000000 ))
(1.884000 ( 0.039728 0.000000 0.000000 ))
(1.899700 ( 0.041510 0.000000 0.000000 ))
(1.915400 ( 0.043291 0.000000 0.000000 ))
(1.931100 ( 0.045074 0.000000 0.000000 ))
(1.946800 ( 0.046857 0.000000 0.000000 ))
(1.962500 ( 0.048650 0.000000 0.000000 ))
(1.978200 ( 0.050443 0.000000 0.000000 ))
(1.993900 ( 0.052223 0.000000 0.000000 ))
(2.009600 ( 0.054004 0.000000 0.000000 ))
(2.025300 ( 0.055788 0.000000 0.000000 ))
(2.041000 ( 0.057572 0.000000 0.000000 ))
(2.056700 ( 0.059347 0.000000 0.000000 ))
(2.072400 ( 0.061122 0.000000 0.000000 ))
(2.088100 ( 0.062887 0.000000 0.000000 ))
(2.103800 ( 0.064652 0.000000 0.000000 ))
(2.119500 ( 0.066410 0.000000 0.000000 ))
(2.135200 ( 0.068167 0.000000 0.000000 ))
(2.150900 ( 0.069904 0.000000 0.000000 ))
(2.166600 ( 0.071641 0.000000 0.000000 ))
(2.182300 ( 0.073368 0.000000 0.000000 ))
(2.198000 ( 0.075094 0.000000 0.000000 ))
(2.213700 ( 0.076790 0.000000 0.000000 ))
(2.229400 ( 0.078487 0.000000 0.000000 ))
(2.245100 ( 0.080166 0.000000 0.000000 ))
(2.260800 ( 0.081844 0.000000 0.000000 ))
(2.276500 ( 0.083491 0.000000 0.000000 ))
(2.292200 ( 0.085138 0.000000 0.000000 ))
(2.307900 ( 0.086755 0.000000 0.000000 ))
(2.323600 ( 0.088372 0.000000 0.000000 ))
(2.339300 ( 0.089958 0.000000 0.000000 ))
(2.355000 ( 0.091545 0.000000 0.000000 ))
(2.370700 ( 0.093089 0.000000 0.000000 ))
(2.386400 ( 0.094632 0.000000 0.000000 ))
(2.402100 ( 0.096144 0.000000 0.000000 ))
(2.417800 ( 0.097656 0.000000 0.000000 ))
(2.433500 ( 0.099117 0.000000 0.000000 ))
(2.449200 ( 0.100578 0.000000 0.000000 ))
(2.464900 ( 0.102000 0.000000 0.000000 ))
(2.480600 ( 0.103421 0.000000 0.000000 ))
(2.496300 ( 0.104788 0.000000 0.000000 ))
(2.512000 ( 0.106154 0.000000 0.000000 ))
(2.527700 ( 0.107470 0.000000 0.000000 ))
(2.543400 ( 0.108786 0.000000 0.000000 ))
(2.559100 ( 0.110048 0.000000 0.000000 ))
(2.574800 ( 0.111310 0.000000 0.000000 ))
(2.590500 ( 0.112508 0.000000 0.000000 ))
(2.606200 ( 0.113707 0.000000 0.000000 ))
(2.621900 ( 0.114851 0.000000 0.000000 ))
(2.637600 ( 0.115995 0.000000 0.000000 ))
(2.653300 ( 0.117066 0.000000 0.000000 ))
(2.669000 ( 0.118138 0.000000 0.000000 ))
(2.684700 ( 0.119150 0.000000 0.000000 ))
(2.700400 ( 0.120162 0.000000 0.000000 ))
(2.716100 ( 0.121099 0.000000 0.000000 ))
(2.731800 ( 0.122035 0.000000 0.000000 ))
(2.747500 ( 0.122899 0.000000 0.000000 ))
(2.763200 ( 0.123764 0.000000 0.000000 ))
(2.778900 ( 0.124556 0.000000 0.000000 ))
(2.794600 ( 0.125347 0.000000 0.000000 ))
(2.810300 ( 0.126058 0.000000 0.000000 ))
(2.826000 ( 0.126768 0.000000 0.000000 ))
(2.841700 ( 0.127402 0.000000 0.000000 ))
(2.857400 ( 0.128036 0.000000 0.000000 ))
(2.873100 ( 0.128580 0.000000 0.000000 ))
(2.888800 ( 0.129125 0.000000 0.000000 ))
(2.904500 ( 0.129594 0.000000 0.000000 ))
(2.920200 ( 0.130063 0.000000 0.000000 ))
(2.935900 ( 0.130437 0.000000 0.000000 ))
(2.951600 ( 0.130811 0.000000 0.000000 ))
(2.967300 ( 0.131098 0.000000 0.000000 ))
(2.983000 ( 0.131386 0.000000 0.000000 ))
(2.998700 ( 0.131585 0.000000 0.000000 ))
(3.014400 ( 0.131784 0.000000 0.000000 ))
(3.030100 ( 0.131887 0.000000 0.000000 ))
(3.045800 ( 0.131990 0.000000 0.000000 ))
(3.061500 ( 0.132004 0.000000 0.000000 ))
(3.077200 ( 0.132017 0.000000 0.000000 ))
(3.092900 ( 0.131930 0.000000 0.000000 ))
(3.108600 ( 0.131843 0.000000 0.000000 ))
(3.124300 ( 0.131665 0.000000 0.000000 ))
(3.140000 ( 0.131487 0.000000 0.000000 ))
(3.155700 ( 0.131204 0.000000 0.000000 ))
(3.171400 ( 0.130921 0.000000 0.000000 ))
(3.187100 ( 0.130545 0.000000 0.000000 ))
(3.202800 ( 0.130170 0.000000 0.000000 ))
(3.218500 ( 0.129693 0.000000 0.000000 ))
(3.234200 ( 0.129216 0.000000 0.000000 ))
(3.249900 ( 0.128635 0.000000 0.000000 ))
(3.265600 ( 0.128055 0.000000 0.000000 ))
(3.281300 ( 0.127382 0.000000 0.000000 ))
(3.297000 ( 0.126708 0.000000 0.000000 ))
(3.312700 ( 0.125929 0.000000 0.000000 ))
(3.328400 ( 0.125150 0.000000 0.000000 ))
(3.344100 ( 0.124273 0.000000 0.000000 ))
(3.359800 ( 0.123396 0.000000 0.000000 ))
(3.375500 ( 0.122413 0.000000 0.000000 ))
(3.391200 ( 0.121431 0.000000 0.000000 ))
(3.406900 ( 0.120356 0.000000 0.000000 ))
(3.422600 ( 0.119281 0.000000 0.000000 ))
(3.438300 ( 0.118099 0.000000 0.000000 ))
(3.454000 ( 0.116917 0.000000 0.000000 ))
(3.469700 ( 0.115635 0.000000 0.000000 ))
(3.485400 ( 0.114353 0.000000 0.000000 ))
(3.501100 ( 0.112981 0.000000 0.000000 ))
(3.516800 ( 0.111608 0.000000 0.000000 ))
(3.532500 ( 0.110132 0.000000 0.000000 ))
(3.548200 ( 0.108656 0.000000 0.000000 ))
(3.563900 ( 0.107090 0.000000 0.000000 ))
(3.579600 ( 0.105523 0.000000 0.000000 ))
(3.595300 ( 0.103858 0.000000 0.000000 ))
(3.611000 ( 0.102193 0.000000 0.000000 ))
(3.626700 ( 0.100439 0.000000 0.000000 ))
(3.642400 ( 0.098684 0.000000 0.000000 ))
(3.658100 ( 0.096834 0.000000 0.000000 ))
(3.673800 ( 0.094984 0.000000 0.000000 ))
(3.689500 ( 0.093047 0.000000 0.000000 ))
(3.705200 ( 0.091111 0.000000 0.000000 ))
(3.720900 ( 0.089088 0.000000 0.000000 ))
(3.736600 ( 0.087066 0.000000 0.000000 ))
(3.752300 ( 0.084955 0.000000 0.000000 ))
(3.768000 ( 0.082843 0.000000 0.000000 ))
(3.783700 ( 0.080658 0.000000 0.000000 ))
(3.799400 ( 0.078473 0.000000 0.000000 ))
(3.815100 ( 0.076204 0.000000 0.000000 ))
(3.830800 ( 0.073935 0.000000 0.000000 ))
(3.846500 ( 0.071591 0.000000 0.000000 ))
(3.862200 ( 0.069248 0.000000 0.000000 ))
(3.877900 ( 0.066829 0.000000 0.000000 ))
(3.893600 ( 0.064409 0.000000 0.000000 ))
(3.909300 ( 0.061924 0.000000 0.000000 ))
(3.925000 ( 0.059439 0.000000 0.000000 ))
(3.940700 ( 0.056883 0.000000 0.000000 ))
(3.956400 ( 0.054328 0.000000 0.000000 ))
(3.972100 ( 0.051706 0.000000 0.000000 ))
(3.987800 ( 0.049085 0.000000 0.000000 ))
(4.003500 ( 0.046413 0.000000 0.000000 ))
(4.019200 ( 0.043740 0.000000 0.000000 ))
(4.034900 ( 0.041006 0.000000 0.000000 ))
(4.050600 ( 0.038272 0.000000 0.000000 ))
(4.066300 ( 0.035491 0.000000 0.000000 ))
(4.082000 ( 0.032710 0.000000 0.000000 ))
(4.097700 ( 0.029879 0.000000 0.000000 ))
(4.113400 ( 0.027048 0.000000 0.000000 ))
(4.129100 ( 0.024175 0.000000 0.000000 ))
(4.144800 ( 0.021302 0.000000 0.000000 ))
(4.160500 ( 0.018389 0.000000 0.000000 ))
(4.176200 ( 0.015475 0.000000 0.000000 ))
(4.191900 ( 0.012527 0.000000 0.000000 ))
(4.207600 ( 0.009578 0.000000 0.000000 ))
(4.223300 ( 0.006603 0.000000 0.000000 ))
(4.239000 ( 0.003627 0.000000 0.000000 ))
(4.254700 ( 0.000622 0.000000 0.000000 ))
(4.270400 ( -0.002383 0.000000 0.000000 ))
(4.286100 ( -0.005403 0.000000 0.000000 ))
(4.301800 ( -0.008423 0.000000 0.000000 ))
(4.317500 ( -0.011462 0.000000 0.000000 ))
(4.333200 ( -0.014501 0.000000 0.000000 ))
(4.348900 ( -0.017550 0.000000 0.000000 ))
(4.364600 ( -0.020599 0.000000 0.000000 ))
(4.380300 ( -0.023654 0.000000 0.000000 ))
(4.396000 ( -0.026709 0.000000 0.000000 ))
(4.411700 ( -0.029765 0.000000 0.000000 ))
(4.427400 ( -0.032821 0.000000 0.000000 ))
(4.443100 ( -0.035873 0.000000 0.000000 ))
(4.458800 ( -0.038925 0.000000 0.000000 ))
(4.474500 ( -0.041971 0.000000 0.000000 ))
(4.490200 ( -0.045018 0.000000 0.000000 ))
(4.505900 ( -0.048043 0.000000 0.000000 ))
(4.521600 ( -0.051069 0.000000 0.000000 ))
(4.537300 ( -0.054080 0.000000 0.000000 ))
(4.553000 ( -0.057091 0.000000 0.000000 ))
(4.568700 ( -0.060076 0.000000 0.000000 ))
(4.584400 ( -0.063060 0.000000 0.000000 ))
(4.600100 ( -0.066016 0.000000 0.000000 ))
(4.615800 ( -0.068973 0.000000 0.000000 ))
(4.631500 ( -0.071895 0.000000 0.000000 ))
(4.647200 ( -0.074817 0.000000 0.000000 ))
(4.662900 ( -0.077699 0.000000 0.000000 ))
(4.678600 ( -0.080581 0.000000 0.000000 ))
(4.694300 ( -0.083422 0.000000 0.000000 ))
(4.710000 ( -0.086263 0.000000 0.000000 ))
(4.725700 ( -0.089051 0.000000 0.000000 ))
(4.741400 ( -0.091838 0.000000 0.000000 ))
(4.757100 ( -0.094575 0.000000 0.000000 ))
(4.772800 ( -0.097312 0.000000 0.000000 ))
(4.788500 ( -0.099988 0.000000 0.000000 ))
(4.804200 ( -0.102663 0.000000 0.000000 ))
(4.819900 ( -0.105278 0.000000 0.000000 ))
(4.835600 ( -0.107892 0.000000 0.000000 ))
(4.851300 ( -0.110437 0.000000 0.000000 ))
(4.867000 ( -0.112982 0.000000 0.000000 ))
(4.882700 ( -0.115454 0.000000 0.000000 ))
(4.898400 ( -0.117925 0.000000 0.000000 ))
(4.914100 ( -0.120322 0.000000 0.000000 ))
(4.929800 ( -0.122719 0.000000 0.000000 ))
(4.945500 ( -0.125032 0.000000 0.000000 ))
(4.961200 ( -0.127346 0.000000 0.000000 ))
(4.976900 ( -0.129577 0.000000 0.000000 ))
(4.992600 ( -0.131807 0.000000 0.000000 ))
(5.008300 ( -0.133946 0.000000 0.000000 ))
(5.024000 ( -0.136084 0.000000 0.000000 ))
(5.039700 ( -0.138131 0.000000 0.000000 ))
(5.055400 ( -0.140178 0.000000 0.000000 ))
(5.071100 ( -0.142127 0.000000 0.000000 ))
(5.086800 ( -0.144076 0.000000 0.000000 ))
(5.102500 ( -0.145925 0.000000 0.000000 ))
(5.118200 ( -0.147774 0.000000 0.000000 ))
(5.133900 ( -0.149519 0.000000 0.000000 ))
(5.149600 ( -0.151265 0.000000 0.000000 ))
(5.165300 ( -0.152900 0.000000 0.000000 ))
(5.181000 ( -0.154535 0.000000 0.000000 ))
(5.196700 ( -0.156065 0.000000 0.000000 ))
(5.212400 ( -0.157595 0.000000 0.000000 ))
(5.228100 ( -0.159006 0.000000 0.000000 ))
(5.243800 ( -0.160418 0.000000 0.000000 ))
(5.259500 ( -0.161717 0.000000 0.000000 ))
(5.275200 ( -0.163016 0.000000 0.000000 ))
(5.290900 ( -0.164195 0.000000 0.000000 ))
(5.306600 ( -0.165373 0.000000 0.000000 ))
(5.322300 ( -0.166433 0.000000 0.000000 ))
(5.338000 ( -0.167493 0.000000 0.000000 ))
(5.353700 ( -0.168429 0.000000 0.000000 ))
(5.369400 ( -0.169366 0.000000 0.000000 ))
(5.385100 ( -0.170175 0.000000 0.000000 ))
(5.400800 ( -0.170985 0.000000 0.000000 ))
(5.416500 ( -0.171673 0.000000 0.000000 ))
(5.432200 ( -0.172361 0.000000 0.000000 ))
(5.447900 ( -0.172915 0.000000 0.000000 ))
(5.463600 ( -0.173469 0.000000 0.000000 ))
(5.479300 ( -0.173899 0.000000 0.000000 ))
(5.495000 ( -0.174329 0.000000 0.000000 ))
(5.510700 ( -0.174625 0.000000 0.000000 ))
(5.526400 ( -0.174922 0.000000 0.000000 ))
(5.542100 ( -0.175091 0.000000 0.000000 ))
(5.557800 ( -0.175259 0.000000 0.000000 ))
(5.573500 ( -0.175296 0.000000 0.000000 ))
(5.589200 ( -0.175332 0.000000 0.000000 ))
(5.604900 ( -0.175236 0.000000 0.000000 ))
(5.620600 ( -0.175141 0.000000 0.000000 ))
(5.636300 ( -0.174916 0.000000 0.000000 ))
(5.652000 ( -0.174692 0.000000 0.000000 ))
(5.667700 ( -0.174330 0.000000 0.000000 ))
(5.683400 ( -0.173968 0.000000 0.000000 ))
(5.699100 ( -0.173481 0.000000 0.000000 ))
(5.714800 ( -0.172995 0.000000 0.000000 ))
(5.730500 ( -0.172372 0.000000 0.000000 ))
(5.746200 ( -0.171750 0.000000 0.000000 ))
(5.761900 ( -0.171002 0.000000 0.000000 ))
(5.777600 ( -0.170254 0.000000 0.000000 ))
(5.793300 ( -0.169376 0.000000 0.000000 ))
(5.809000 ( -0.168499 0.000000 0.000000 ))
(5.824700 ( -0.167495 0.000000 0.000000 ))
(5.840400 ( -0.166491 0.000000 0.000000 ))
(5.856100 ( -0.165363 0.000000 0.000000 ))
(5.871800 ( -0.164234 0.000000 0.000000 ))
(5.887500 ( -0.162978 0.000000 0.000000 ))
(5.903200 ( -0.161723 0.000000 0.000000 ))
(5.918900 ( -0.160351 0.000000 0.000000 ))
(5.934600 ( -0.158979 0.000000 0.000000 ))
(5.950300 ( -0.157481 0.000000 0.000000 ))
(5.966000 ( -0.155982 0.000000 0.000000 ))
(5.981700 ( -0.154372 0.000000 0.000000 ))
(5.997400 ( -0.152761 0.000000 0.000000 ))
(6.013100 ( -0.151035 0.000000 0.000000 ))
(6.028800 ( -0.149308 0.000000 0.000000 ))
(6.044500 ( -0.147472 0.000000 0.000000 ))
(6.060200 ( -0.145635 0.000000 0.000000 ))
(6.075900 ( -0.143690 0.000000 0.000000 ))
(6.091600 ( -0.141746 0.000000 0.000000 ))
(6.107300 ( -0.139695 0.000000 0.000000 ))
(6.123000 ( -0.137643 0.000000 0.000000 ))
(6.138700 ( -0.135494 0.000000 0.000000 ))
(6.154400 ( -0.133344 0.000000 0.000000 ))
(6.170100 ( -0.131091 0.000000 0.000000 ))
(6.185800 ( -0.128838 0.000000 0.000000 ))
(6.201500 ( -0.126495 0.000000 0.000000 ))
(6.217200 ( -0.124152 0.000000 0.000000 ))
(6.232900 ( -0.121715 0.000000 0.000000 ))
(6.248600 ( -0.119279 0.000000 0.000000 ))
(6.264300 ( -0.116758 0.000000 0.000000 ))
(6.280000 ( -0.114236 0.000000 0.000000 ))
(6.295700 ( -0.111634 0.000000 0.000000 ))
(6.311400 ( -0.109032 0.000000 0.000000 ))
(6.327100 ( -0.106351 0.000000 0.000000 ))
(6.342800 ( -0.103670 0.000000 0.000000 ))
(6.358500 ( -0.100917 0.000000 0.000000 ))
(6.374200 ( -0.098165 0.000000 0.000000 ))
(6.389900 ( -0.095342 0.000000 0.000000 ))
(6.405600 ( -0.092520 0.000000 0.000000 ))
(6.421300 ( -0.089636 0.000000 0.000000 ))
(6.437000 ( -0.086753 0.000000 0.000000 ))
(6.452700 ( -0.083808 0.000000 0.000000 ))
(6.468400 ( -0.080863 0.000000 0.000000 ))
(6.484100 ( -0.077863 0.000000 0.000000 ))
(6.499800 ( -0.074863 0.000000 0.000000 ))
(6.515500 ( -0.071819 0.000000 0.000000 ))
(6.531200 ( -0.068775 0.000000 0.000000 ))
(6.546900 ( -0.065683 0.000000 0.000000 ))
(6.562600 ( -0.062590 0.000000 0.000000 ))
(6.578300 ( -0.059463 0.000000 0.000000 ))
(6.594000 ( -0.056336 0.000000 0.000000 ))
(6.609700 ( -0.053173 0.000000 0.000000 ))
(6.625400 ( -0.050011 0.000000 0.000000 ))
(6.641100 ( -0.046822 0.000000 0.000000 ))
(6.656800 ( -0.043633 0.000000 0.000000 ))
(6.672500 ( -0.040422 0.000000 0.000000 ))
(6.688200 ( -0.037212 0.000000 0.000000 ))
(6.703900 ( -0.033980 0.000000 0.000000 ))
(6.719600 ( -0.030748 0.000000 0.000000 ))
(6.735300 ( -0.027511 0.000000 0.000000 ))
(6.751000 ( -0.024274 0.000000 0.000000 ))
(6.766700 ( -0.021023 0.000000 0.000000 ))
(6.782400 ( -0.017771 0.000000 0.000000 ))
(6.798100 ( -0.014527 0.000000 0.000000 ))
(6.813800 ( -0.011283 0.000000 0.000000 ))
(6.829500 ( -0.008037 0.000000 0.000000 ))
(6.845200 ( -0.004792 0.000000 0.000000 ))
(6.860900 ( -0.001558 0.000000 0.000000 ))
(6.876600 ( 0.001675 0.000000 0.000000 ))
(6.892300 ( 0.004892 0.000000 0.000000 ))
(6.908000 ( 0.008109 0.000000 0.000000 ))
(6.923700 ( 0.011310 0.000000 0.000000 ))
(6.939400 ( 0.014511 0.000000 0.000000 ))
(6.955100 ( 0.017678 0.000000 0.000000 ))
(6.970800 ( 0.020846 0.000000 0.000000 ))
(6.986500 ( 0.023995 0.000000 0.000000 ))
(7.002200 ( 0.027143 0.000000 0.000000 ))
(7.017900 ( 0.030242 0.000000 0.000000 ))
(7.033600 ( 0.033340 0.000000 0.000000 ))
(7.049300 ( 0.036411 0.000000 0.000000 ))
(7.065000 ( 0.039483 0.000000 0.000000 ))
(7.080700 ( 0.042500 0.000000 0.000000 ))
(7.096400 ( 0.045518 0.000000 0.000000 ))
(7.112100 ( 0.048488 0.000000 0.000000 ))
(7.127800 ( 0.051458 0.000000 0.000000 ))
(7.143500 ( 0.054375 0.000000 0.000000 ))
(7.159200 ( 0.057293 0.000000 0.000000 ))
(7.174900 ( 0.060141 0.000000 0.000000 ))
(7.190600 ( 0.062989 0.000000 0.000000 ))
(7.206300 ( 0.065788 0.000000 0.000000 ))
(7.222000 ( 0.068586 0.000000 0.000000 ))
(7.237700 ( 0.071299 0.000000 0.000000 ))
(7.253400 ( 0.074012 0.000000 0.000000 ))
(7.269100 ( 0.076670 0.000000 0.000000 ))
(7.284800 ( 0.079329 0.000000 0.000000 ))
(7.300500 ( 0.081896 0.000000 0.000000 ))
(7.316200 ( 0.084463 0.000000 0.000000 ))
(7.331900 ( 0.086961 0.000000 0.000000 ))
(7.347600 ( 0.089458 0.000000 0.000000 ))
(7.363300 ( 0.091869 0.000000 0.000000 ))
(7.379000 ( 0.094280 0.000000 0.000000 ))
(7.394700 ( 0.096599 0.000000 0.000000 ))
(7.410400 ( 0.098917 0.000000 0.000000 ))
(7.426100 ( 0.101156 0.000000 0.000000 ))
(7.441800 ( 0.103395 0.000000 0.000000 ))
(7.457500 ( 0.105522 0.000000 0.000000 ))
(7.473200 ( 0.107649 0.000000 0.000000 ))
(7.488900 ( 0.109700 0.000000 0.000000 ))
(7.504600 ( 0.111752 0.000000 0.000000 ))
(7.520300 ( 0.113682 0.000000 0.000000 ))
(7.536000 ( 0.115612 0.000000 0.000000 ))
(7.551700 ( 0.117460 0.000000 0.000000 ))
(7.567400 ( 0.119308 0.000000 0.000000 ))
(7.583100 ( 0.121041 0.000000 0.000000 ))
(7.598800 ( 0.122774 0.000000 0.000000 ))
(7.614500 ( 0.124403 0.000000 0.000000 ))
(7.630200 ( 0.126032 0.000000 0.000000 ))
(7.645900 ( 0.127559 0.000000 0.000000 ))
(7.661600 ( 0.129087 0.000000 0.000000 ))
(7.677300 ( 0.130487 0.000000 0.000000 ))
(7.693000 ( 0.131887 0.000000 0.000000 ))
(7.708700 ( 0.133196 0.000000 0.000000 ))
(7.724400 ( 0.134505 0.000000 0.000000 ))
(7.740100 ( 0.135678 0.000000 0.000000 ))
(7.755800 ( 0.136851 0.000000 0.000000 ))
(7.771500 ( 0.137933 0.000000 0.000000 ))
(7.787200 ( 0.139016 0.000000 0.000000 ))
(7.802900 ( 0.139965 0.000000 0.000000 ))
(7.818600 ( 0.140915 0.000000 0.000000 ))
(7.834300 ( 0.141760 0.000000 0.000000 ))
(7.850000 ( 0.142605 0.000000 0.000000 ))
(7.865700 ( 0.143333 0.000000 0.000000 ))
(7.881400 ( 0.144061 0.000000 0.000000 ))
(7.897100 ( 0.144665 0.000000 0.000000 ))
(7.912800 ( 0.145269 0.000000 0.000000 ))
(7.928500 ( 0.145772 0.000000 0.000000 ))
(7.944200 ( 0.146274 0.000000 0.000000 ))
(7.959900 ( 0.146637 0.000000 0.000000 ))
(7.975600 ( 0.147001 0.000000 0.000000 ))
(7.991300 ( 0.147273 0.000000 0.000000 ))
(8.007000 ( 0.147545 0.000000 0.000000 ))
(8.022700 ( 0.147681 0.000000 0.000000 ))
(8.038400 ( 0.147816 0.000000 0.000000 ))
(8.054100 ( 0.147856 0.000000 0.000000 ))
(8.069800 ( 0.147896 0.000000 0.000000 ))
(8.085500 ( 0.147813 0.000000 0.000000 ))
(8.101200 ( 0.147730 0.000000 0.000000 ))
(8.116900 ( 0.147537 0.000000 0.000000 ))
(8.132600 ( 0.147344 0.000000 0.000000 ))
(8.148300 ( 0.147047 0.000000 0.000000 ))
(8.164000 ( 0.146751 0.000000 0.000000 ))
(8.179700 ( 0.146328 0.000000 0.000000 ))
(8.195400 ( 0.145906 0.000000 0.000000 ))
(8.211100 ( 0.145395 0.000000 0.000000 ))
(8.226800 ( 0.144884 0.000000 0.000000 ))
(8.242500 ( 0.144249 0.000000 0.000000 ))
(8.258200 ( 0.143614 0.000000 0.000000 ))
(8.273900 ( 0.142894 0.000000 0.000000 ))
(8.289600 ( 0.142174 0.000000 0.000000 ))
(8.305300 ( 0.141341 0.000000 0.000000 ))
(8.321000 ( 0.140508 0.000000 0.000000 ))
(8.336700 ( 0.139584 0.000000 0.000000 ))
(8.352400 ( 0.138660 0.000000 0.000000 ))
(8.368100 ( 0.137640 0.000000 0.000000 ))
(8.383800 ( 0.136621 0.000000 0.000000 ))
(8.399500 ( 0.135502 0.000000 0.000000 ))
(8.415200 ( 0.134384 0.000000 0.000000 ))
(8.430900 ( 0.133185 0.000000 0.000000 ))
(8.446600 ( 0.131987 0.000000 0.000000 ))
(8.462300 ( 0.130687 0.000000 0.000000 ))
(8.478000 ( 0.129387 0.000000 0.000000 ))
(8.493700 ( 0.128017 0.000000 0.000000 ))
(8.509400 ( 0.126647 0.000000 0.000000 ))
(8.525100 ( 0.125187 0.000000 0.000000 ))
(8.540800 ( 0.123727 0.000000 0.000000 ))
(8.556500 ( 0.122197 0.000000 0.000000 ))
(8.572200 ( 0.120667 0.000000 0.000000 ))
(8.587900 ( 0.119062 0.000000 0.000000 ))
(8.603600 ( 0.117456 0.000000 0.000000 ))
(8.619300 ( 0.115780 0.000000 0.000000 ))
(8.635000 ( 0.114104 0.000000 0.000000 ))
(8.650700 ( 0.112366 0.000000 0.000000 ))
(8.666400 ( 0.110627 0.000000 0.000000 ))
(8.682100 ( 0.108821 0.000000 0.000000 ))
(8.697800 ( 0.107014 0.000000 0.000000 ))
(8.713500 ( 0.105154 0.000000 0.000000 ))
(8.729200 ( 0.103293 0.000000 0.000000 ))
(8.744900 ( 0.101376 0.000000 0.000000 ))
(8.760600 ( 0.099459 0.000000 0.000000 ))
(8.776300 ( 0.097491 0.000000 0.000000 ))
(8.792000 ( 0.095524 0.000000 0.000000 ))
(8.807700 ( 0.093513 0.000000 0.000000 ))
(8.823400 ( 0.091501 0.000000 0.000000 ))
(8.839100 ( 0.089444 0.000000 0.000000 ))
(8.854800 ( 0.087386 0.000000 0.000000 ))
(8.870500 ( 0.085293 0.000000 0.000000 ))
(8.886200 ( 0.083200 0.000000 0.000000 ))
(8.901900 ( 0.081073 0.000000 0.000000 ))
(8.917600 ( 0.078946 0.000000 0.000000 ))
(8.933300 ( 0.076785 0.000000 0.000000 ))
(8.949000 ( 0.074624 0.000000 0.000000 ))
(8.964700 ( 0.072446 0.000000 0.000000 ))
(8.980400 ( 0.070268 0.000000 0.000000 ))
(8.996100 ( 0.068056 0.000000 0.000000 ))
(9.011800 ( 0.065844 0.000000 0.000000 ))
(9.027500 ( 0.063630 0.000000 0.000000 ))
(9.043200 ( 0.061416 0.000000 0.000000 ))
(9.058900 ( 0.059172 0.000000 0.000000 ))
(9.074600 ( 0.056928 0.000000 0.000000 ))
(9.090300 ( 0.054685 0.000000 0.000000 ))
(9.106000 ( 0.052442 0.000000 0.000000 ))
(9.121700 ( 0.050190 0.000000 0.000000 ))
(9.137400 ( 0.047938 0.000000 0.000000 ))
(9.153100 ( 0.045679 0.000000 0.000000 ))
(9.168800 ( 0.043421 0.000000 0.000000 ))
(9.184500 ( 0.041181 0.000000 0.000000 ))
(9.200200 ( 0.038940 0.000000 0.000000 ))
(9.215900 ( 0.036685 0.000000 0.000000 ))
(9.231600 ( 0.034429 0.000000 0.000000 ))
(9.247300 ( 0.032212 0.000000 0.000000 ))
(9.263000 ( 0.029995 0.000000 0.000000 ))
(9.278700 ( 0.027760 0.000000 0.000000 ))
(9.294400 ( 0.025526 0.000000 0.000000 ))
(9.310100 ( 0.023335 0.000000 0.000000 ))
(9.325800 ( 0.021144 0.000000 0.000000 ))
(9.341500 ( 0.018956 0.000000 0.000000 ))
(9.357200 ( 0.016768 0.000000 0.000000 ))
(9.372900 ( 0.014608 0.000000 0.000000 ))
(9.388600 ( 0.012449 0.000000 0.000000 ))
(9.404300 ( 0.010328 0.000000 0.000000 ))
(9.420000 ( 0.008207 0.000000 0.000000 ))
(9.435700 ( 0.006094 0.000000 0.000000 ))
(9.451400 ( 0.003981 0.000000 0.000000 ))
(9.467100 ( 0.001942 0.000000 0.000000 ))
(9.482800 ( -0.000098 0.000000 0.000000 ))
(9.498500 ( -0.002145 0.000000 0.000000 ))
(9.514200 ( -0.004192 0.000000 0.000000 ))
(9.529900 ( -0.006151 0.000000 0.000000 ))
(9.545600 ( -0.008111 0.000000 0.000000 ))
(9.561300 ( -0.010072 0.000000 0.000000 ))
(9.577000 ( -0.012033 0.000000 0.000000 ))
(9.592700 ( -0.013924 0.000000 0.000000 ))
(9.608400 ( -0.015815 0.000000 0.000000 ))
(9.624100 ( -0.017662 0.000000 0.000000 ))
(9.639800 ( -0.019510 0.000000 0.000000 ))
(9.655500 ( -0.021323 0.000000 0.000000 ))
(9.671200 ( -0.023136 0.000000 0.000000 ))
(9.686900 ( -0.024856 0.000000 0.000000 ))
(9.702600 ( -0.026575 0.000000 0.000000 ))
(9.718300 ( -0.028288 0.000000 0.000000 ))
(9.734000 ( -0.030002 0.000000 0.000000 ))
(9.749700 ( -0.031600 0.000000 0.000000 ))
(9.765400 ( -0.033198 0.000000 0.000000 ))
(9.781100 ( -0.034798 0.000000 0.000000 ))
(9.796800 ( -0.036399 0.000000 0.000000 ))
(9.812500 ( -0.037891 0.000000 0.000000 ))
(9.828200 ( -0.039382 0.000000 0.000000 ))
(9.843900 ( -0.040842 0.000000 0.000000 ))
(9.859600 ( -0.042303 0.000000 0.000000 ))
(9.875300 ( -0.043696 0.000000 0.000000 ))
(9.891000 ( -0.045089 0.000000 0.000000 ))
(9.906700 ( -0.046396 0.000000 0.000000 ))
(9.922400 ( -0.047702 0.000000 0.000000 ))
(9.938100 ( -0.048983 0.000000 0.000000 ))
(9.953800 ( -0.050264 0.000000 0.000000 ))
(9.969500 ( -0.051414 0.000000 0.000000 ))
(9.985200 ( -0.052565 0.000000 0.000000 ))
(10.000900 ( -0.053717 0.000000 0.000000 ))
(10.016600 ( -0.054870 0.000000 0.000000 ))
(10.032300 ( -0.055885 0.000000 0.000000 ))
(10.048000 ( -0.056900 0.000000 0.000000 ))
(10.063700 ( -0.057908 0.000000 0.000000 ))
(10.079400 ( -0.058917 0.000000 0.000000 ))
(10.095100 ( -0.059824 0.000000 0.000000 ))
(10.110800 ( -0.060731 0.000000 0.000000 ))
(10.126500 ( -0.061573 0.000000 0.000000 ))
(10.142200 ( -0.062415 0.000000 0.000000 ))
(10.157900 ( -0.063212 0.000000 0.000000 ))
(10.173600 ( -0.064009 0.000000 0.000000 ))
(10.189300 ( -0.064681 0.000000 0.000000 ))
(10.205000 ( -0.065353 0.000000 0.000000 ))
(10.220700 ( -0.066020 0.000000 0.000000 ))
(10.236400 ( -0.066686 0.000000 0.000000 ))
(10.252100 ( -0.067212 0.000000 0.000000 ))
(10.267800 ( -0.067738 0.000000 0.000000 ))
(10.283500 ( -0.068268 0.000000 0.000000 ))
(10.299200 ( -0.068799 0.000000 0.000000 ))
(10.314900 ( -0.069207 0.000000 0.000000 ))
(10.330600 ( -0.069615 0.000000 0.000000 ))
(10.346300 ( -0.069989 0.000000 0.000000 ))
(10.362000 ( -0.070362 0.000000 0.000000 ))
(10.377700 ( -0.070668 0.000000 0.000000 ))
(10.393400 ( -0.070973 0.000000 0.000000 ))
(10.409100 ( -0.071188 0.000000 0.000000 ))
(10.424800 ( -0.071403 0.000000 0.000000 ))
(10.440500 ( -0.071597 0.000000 0.000000 ))
(10.456200 ( -0.071791 0.000000 0.000000 ))
(10.471900 ( -0.071856 0.000000 0.000000 ))
(10.487600 ( -0.071921 0.000000 0.000000 ))
(10.503300 ( -0.071994 0.000000 0.000000 ))
(10.519000 ( -0.072067 0.000000 0.000000 ))
(10.534700 ( -0.072015 0.000000 0.000000 ))
(10.550400 ( -0.071962 0.000000 0.000000 ))
(10.566100 ( -0.071908 0.000000 0.000000 ))
(10.581800 ( -0.071854 0.000000 0.000000 ))
(10.597500 ( -0.071714 0.000000 0.000000 ))
(10.613200 ( -0.071574 0.000000 0.000000 ))
(10.628900 ( -0.071381 0.000000 0.000000 ))
(10.644600 ( -0.071188 0.000000 0.000000 ))
(10.660300 ( -0.070963 0.000000 0.000000 ))
(10.676000 ( -0.070737 0.000000 0.000000 ))
(10.691700 ( -0.070413 0.000000 0.000000 ))
(10.707400 ( -0.070089 0.000000 0.000000 ))
(10.723100 ( -0.069766 0.000000 0.000000 ))
(10.738800 ( -0.069442 0.000000 0.000000 ))
(10.754500 ( -0.069017 0.000000 0.000000 ))
(10.770200 ( -0.068592 0.000000 0.000000 ))
(10.785900 ( -0.068172 0.000000 0.000000 ))
(10.801600 ( -0.067752 0.000000 0.000000 ))
(10.817300 ( -0.067252 0.000000 0.000000 ))
(10.833000 ( -0.066751 0.000000 0.000000 ))
(10.848700 ( -0.066229 0.000000 0.000000 ))
(10.864400 ( -0.065706 0.000000 0.000000 ))
(10.880100 ( -0.065144 0.000000 0.000000 ))
(10.895800 ( -0.064581 0.000000 0.000000 ))
(10.911500 ( -0.063964 0.000000 0.000000 ))
(10.927200 ( -0.063347 0.000000 0.000000 ))
(10.942900 ( -0.062720 0.000000 0.000000 ))
(10.958600 ( -0.062092 0.000000 0.000000 ))
(10.974300 ( -0.061397 0.000000 0.000000 ))
(10.990000 ( -0.060702 0.000000 0.000000 ))
(11.005700 ( -0.060008 0.000000 0.000000 ))
(11.021400 ( -0.059314 0.000000 0.000000 ))
(11.037100 ( -0.058566 0.000000 0.000000 ))
(11.052800 ( -0.057817 0.000000 0.000000 ))
(11.068500 ( -0.057061 0.000000 0.000000 ))
(11.084200 ( -0.056305 0.000000 0.000000 ))
(11.099900 ( -0.055517 0.000000 0.000000 ))
(11.115600 ( -0.054728 0.000000 0.000000 ))
(11.131300 ( -0.053917 0.000000 0.000000 ))
(11.147000 ( -0.053105 0.000000 0.000000 ))
(11.162700 ( -0.052280 0.000000 0.000000 ))
(11.178400 ( -0.051455 0.000000 0.000000 ))
(11.194100 ( -0.050602 0.000000 0.000000 ))
(11.209800 ( -0.049749 0.000000 0.000000 ))
(11.225500 ( -0.048887 0.000000 0.000000 ))
(11.241200 ( -0.048025 0.000000 0.000000 ))
(11.256900 ( -0.047149 0.000000 0.000000 ))
(11.272600 ( -0.046272 0.000000 0.000000 ))
(11.288300 ( -0.045382 0.000000 0.000000 ))
(11.304000 ( -0.044491 0.000000 0.000000 ))
(11.319700 ( -0.043597 0.000000 0.000000 ))
(11.335400 ( -0.042704 0.000000 0.000000 ))
(11.351100 ( -0.041796 0.000000 0.000000 ))
(11.366800 ( -0.040889 0.000000 0.000000 ))
(11.382500 ( -0.039978 0.000000 0.000000 ))
(11.398200 ( -0.039068 0.000000 0.000000 ))
(11.413900 ( -0.038158 0.000000 0.000000 ))
(11.429600 ( -0.037249 0.000000 0.000000 ))
(11.445300 ( -0.036326 0.000000 0.000000 ))
(11.461000 ( -0.035403 0.000000 0.000000 ))
(11.476700 ( -0.034506 0.000000 0.000000 ))
(11.492400 ( -0.033609 0.000000 0.000000 ))
(11.508100 ( -0.032682 0.000000 0.000000 ))
(11.523800 ( -0.031755 0.000000 0.000000 ))
(11.539500 ( -0.030871 0.000000 0.000000 ))
(11.555200 ( -0.029986 0.000000 0.000000 ))
(11.570900 ( -0.029069 0.000000 0.000000 ))
(11.586600 ( -0.028152 0.000000 0.000000 ))
(11.602300 ( -0.027265 0.000000 0.000000 ))
(11.618000 ( -0.026378 0.000000 0.000000 ))
(11.633700 ( -0.025496 0.000000 0.000000 ))
(11.649400 ( -0.024614 0.000000 0.000000 ))
(11.665100 ( -0.023724 0.000000 0.000000 ))
(11.680800 ( -0.022834 0.000000 0.000000 ))
(11.696500 ( -0.022001 0.000000 0.000000 ))
(11.712200 ( -0.021168 0.000000 0.000000 ))
(11.727900 ( -0.020294 0.000000 0.000000 ))
(11.743600 ( -0.019420 0.000000 0.000000 ))
(11.759300 ( -0.018628 0.000000 0.000000 ))
(11.775000 ( -0.017836 0.000000 0.000000 ))
(11.790700 ( -0.016987 0.000000 0.000000 ))
(11.806400 ( -0.016138 0.000000 0.000000 ))
(11.822100 ( -0.015365 0.000000 0.000000 ))
(11.837800 ( -0.014592 0.000000 0.000000 ))
(11.853500 ( -0.013799 0.000000 0.000000 ))
(11.869200 ( -0.013006 0.000000 0.000000 ))
(11.884900 ( -0.012235 0.000000 0.000000 ))
(11.900600 ( -0.011465 0.000000 0.000000 ))
(11.916300 ( -0.010744 0.000000 0.000000 ))
(11.932000 ( -0.010024 0.000000 0.000000 ))
(11.947700 ( -0.009268 0.000000 0.000000 ))
(11.963400 ( -0.008513 0.000000 0.000000 ))
(11.979100 ( -0.007869 0.000000 0.000000 ))
(11.994800 ( -0.007226 0.000000 0.000000 ))
(12.010500 ( -0.006505 0.000000 0.000000 ))
(12.026200 ( -0.005784 0.000000 0.000000 ))
(12.041900 ( -0.005188 0.000000 0.000000 ))
(12.057600 ( -0.004592 0.000000 0.000000 ))
(12.073300 ( -0.003924 0.000000 0.000000 ))
(12.089000 ( -0.003255 0.000000 0.000000 ))
(12.104700 ( -0.002661 0.000000 0.000000 ))
(12.120400 ( -0.002067 0.000000 0.000000 ))
(12.136100 ( -0.001490 0.000000 0.000000 ))
(12.151800 ( -0.000914 0.000000 0.000000 ))
(12.167500 ( -0.000321 0.000000 0.000000 ))
(12.183200 ( 0.000271 0.000000 0.000000 ))
(12.198900 ( 0.000747 0.000000 0.000000 ))
(12.214600 ( 0.001222 0.000000 0.000000 ))
(12.230300 ( 0.001779 0.000000 0.000000 ))
(12.246000 ( 0.002336 0.000000 0.000000 ))
(12.261700 ( 0.002745 0.000000 0.000000 ))
(12.277400 ( 0.003155 0.000000 0.000000 ))
(12.293100 ( 0.003666 0.000000 0.000000 ))
(12.308800 ( 0.004177 0.000000 0.000000 ))
(12.324500 ( 0.004566 0.000000 0.000000 ))
(12.340200 ( 0.004955 0.000000 0.000000 ))
(12.355900 ( 0.005381 0.000000 0.000000 ))
(12.371600 ( 0.005806 0.000000 0.000000 ))
(12.387300 ( 0.006202 0.000000 0.000000 ))
(12.403000 ( 0.006597 0.000000 0.000000 ))
(12.418700 ( 0.006921 0.000000 0.000000 ))
(12.434400 ( 0.007246 0.000000 0.000000 ))
(12.450100 ( 0.007629 0.000000 0.000000 ))
(12.465800 ( 0.008013 0.000000 0.000000 ))
(12.481500 ( 0.008245 0.000000 0.000000 ))
(12.497200 ( 0.008477 0.000000 0.000000 ))
(12.512900 ( 0.008822 0.000000 0.000000 ))
(12.528600 ( 0.009167 0.000000 0.000000 ))
(12.544300 ( 0.009356 0.000000 0.000000 ))
(12.560000 ( 0.009545 0.000000 0.000000 ))
(12.575700 ( 0.009834 0.000000 0.000000 ))
(12.591400 ( 0.010123 0.000000 0.000000 ))
(12.607100 ( 0.010326 0.000000 0.000000 ))
(12.622800 ( 0.010530 0.000000 0.000000 ))
(12.638500 ( 0.010720 0.000000 0.000000 ))
(12.654200 ( 0.010909 0.000000 0.000000 ))
(12.669900 ( 0.011126 0.000000 0.000000 ))
(12.685600 ( 0.011343 0.000000 0.000000 ))
(12.701300 ( 0.011434 0.000000 0.000000 ))
(12.717000 ( 0.011525 0.000000 0.000000 ))
(12.732700 ( 0.011714 0.000000 0.000000 ))
(12.748400 ( 0.011904 0.000000 0.000000 ))
(12.764100 ( 0.011945 0.000000 0.000000 ))
(12.779800 ( 0.011986 0.000000 0.000000 ))
(12.795500 ( 0.012140 0.000000 0.000000 ))
(12.811200 ( 0.012295 0.000000 0.000000 ))
(12.826900 ( 0.012335 0.000000 0.000000 ))
(12.842600 ( 0.012375 0.000000 0.000000 ))
(12.858300 ( 0.012458 0.000000 0.000000 ))
(12.874000 ( 0.012540 0.000000 0.000000 ))
(12.889700 ( 0.012603 0.000000 0.000000 ))
(12.905400 ( 0.012666 0.000000 0.000000 ))
(12.921100 ( 0.012668 0.000000 0.000000 ))
(12.936800 ( 0.012671 0.000000 0.000000 ))
(12.952500 ( 0.012736 0.000000 0.000000 ))
(12.968200 ( 0.012801 0.000000 0.000000 ))
(12.983900 ( 0.012740 0.000000 0.000000 ))
(12.999600 ( 0.012680 0.000000 0.000000 ))
(13.015300 ( 0.012723 0.000000 0.000000 ))
(13.031000 ( 0.012766 0.000000 0.000000 ))
(13.046700 ( 0.012689 0.000000 0.000000 ))
(13.062400 ( 0.012613 0.000000 0.000000 ))
(13.078100 ( 0.012622 0.000000 0.000000 ))
(13.093800 ( 0.012631 0.000000 0.000000 ))
(13.109500 ( 0.012582 0.000000 0.000000 ))
(13.125200 ( 0.012533 0.000000 0.000000 ))
(13.140900 ( 0.012480 0.000000 0.000000 ))
(13.156600 ( 0.012426 0.000000 0.000000 ))
(13.172300 ( 0.012398 0.000000 0.000000 ))
(13.188000 ( 0.012370 0.000000 0.000000 ))
(13.203700 ( 0.012262 0.000000 0.000000 ))
(13.219400 ( 0.012154 0.000000 0.000000 ))
(13.235100 ( 0.012117 0.000000 0.000000 ))
(13.250800 ( 0.012080 0.000000 0.000000 ))
(13.266500 ( 0.011957 0.000000 0.000000 ))
(13.282200 ( 0.011833 0.000000 0.000000 ))
(13.297900 ( 0.011781 0.000000 0.000000 ))
(13.313600 ( 0.011730 0.000000 0.000000 ))
(13.329300 ( 0.011620 0.000000 0.000000 ))
(13.345000 ( 0.011510 0.000000 0.000000 ))
(13.360700 ( 0.011427 0.000000 0.000000 ))
(13.376400 ( 0.011344 0.000000 0.000000 ))
(13.392100 ( 0.011255 0.000000 0.000000 ))
(13.407800 ( 0.011166 0.000000 0.000000 ))
(13.423500 ( 0.011052 0.000000 0.000000 ))
(13.439200 ( 0.010939 0.000000 0.000000 ))
(13.454900 ( 0.010856 0.000000 0.000000 ))
(13.470600 ( 0.010774 0.000000 0.000000 ))
(13.486300 ( 0.010647 0.000000 0.000000 ))
(13.502000 ( 0.010520 0.000000 0.000000 ))
(13.517700 ( 0.010432 0.000000 0.000000 ))
(13.533400 ( 0.010344 0.000000 0.000000 ))
(13.549100 ( 0.010226 0.000000 0.000000 ))
(13.564800 ( 0.010107 0.000000 0.000000 ))
(13.580500 ( 0.010011 0.000000 0.000000 ))
(13.596200 ( 0.009914 0.000000 0.000000 ))
(13.611900 ( 0.009810 0.000000 0.000000 ))
(13.627600 ( 0.009705 0.000000 0.000000 ))
(13.643300 ( 0.009602 0.000000 0.000000 ))
(13.659000 ( 0.009498 0.000000 0.000000 ))
(13.674700 ( 0.009398 0.000000 0.000000 ))
(13.690400 ( 0.009298 0.000000 0.000000 ))
(13.706100 ( 0.009198 0.000000 0.000000 ))
(13.721800 ( 0.009097 0.000000 0.000000 ))
(13.737500 ( 0.008997 0.000000 0.000000 ))
(13.753200 ( 0.008896 0.000000 0.000000 ))
(13.768900 ( 0.008809 0.000000 0.000000 ))
(13.784600 ( 0.008722 0.000000 0.000000 ))
(13.800300 ( 0.008619 0.000000 0.000000 ))
(13.816000 ( 0.008517 0.000000 0.000000 ))
(13.831700 ( 0.008437 0.000000 0.000000 ))
(13.847400 ( 0.008357 0.000000 0.000000 ))
(13.863100 ( 0.008264 0.000000 0.000000 ))
(13.878800 ( 0.008172 0.000000 0.000000 ))
(13.894500 ( 0.008084 0.000000 0.000000 ))
(13.910200 ( 0.007996 0.000000 0.000000 ))
(13.925900 ( 0.007926 0.000000 0.000000 ))
(13.941600 ( 0.007857 0.000000 0.000000 ))
(13.957300 ( 0.007761 0.000000 0.000000 ))
(13.973000 ( 0.007665 0.000000 0.000000 ))
(13.988700 ( 0.007624 0.000000 0.000000 ))
(14.004400 ( 0.007583 0.000000 0.000000 ))
(14.020100 ( 0.007489 0.000000 0.000000 ))
(14.035800 ( 0.007395 0.000000 0.000000 ))
(14.051500 ( 0.007367 0.000000 0.000000 ))
(14.067200 ( 0.007339 0.000000 0.000000 ))
(14.082900 ( 0.007252 0.000000 0.000000 ))
(14.098600 ( 0.007166 0.000000 0.000000 ))
(14.114300 ( 0.007117 0.000000 0.000000 ))
(14.130000 ( 0.007069 0.000000 0.000000 ))
(14.145700 ( 0.007020 0.000000 0.000000 ))
(14.161400 ( 0.006971 0.000000 0.000000 ))
(14.177100 ( 0.006896 0.000000 0.000000 ))
(14.192800 ( 0.006820 0.000000 0.000000 ))
(14.208500 ( 0.006817 0.000000 0.000000 ))
(14.224200 ( 0.006815 0.000000 0.000000 ))
(14.239900 ( 0.006734 0.000000 0.000000 ))
(14.255600 ( 0.006654 0.000000 0.000000 ))
(14.271300 ( 0.006673 0.000000 0.000000 ))
(14.287000 ( 0.006692 0.000000 0.000000 ))
(14.302700 ( 0.006611 0.000000 0.000000 ))
(14.318400 ( 0.006531 0.000000 0.000000 ))
(14.334100 ( 0.006534 0.000000 0.000000 ))
(14.349800 ( 0.006536 0.000000 0.000000 ))
(14.365500 ( 0.006490 0.000000 0.000000 ))
(14.381200 ( 0.006444 0.000000 0.000000 ))
(14.396900 ( 0.006404 0.000000 0.000000 ))
(14.412600 ( 0.006363 0.000000 0.000000 ))
(14.428300 ( 0.006368 0.000000 0.000000 ))
(14.444000 ( 0.006373 0.000000 0.000000 ))
(14.459700 ( 0.006303 0.000000 0.000000 ))
(14.475400 ( 0.006233 0.000000 0.000000 ))
(14.491100 ( 0.006284 0.000000 0.000000 ))
(14.506800 ( 0.006335 0.000000 0.000000 ))
(14.522500 ( 0.006259 0.000000 0.000000 ))
(14.538200 ( 0.006183 0.000000 0.000000 ))
(14.553900 ( 0.006237 0.000000 0.000000 ))
(14.569600 ( 0.006290 0.000000 0.000000 ))
(14.585300 ( 0.006224 0.000000 0.000000 ))
(14.601000 ( 0.006158 0.000000 0.000000 ))
(14.616700 ( 0.006156 0.000000 0.000000 ))
(14.632400 ( 0.006154 0.000000 0.000000 ))
(14.648100 ( 0.006145 0.000000 0.000000 ))
(14.663800 ( 0.006137 0.000000 0.000000 ))
(14.679500 ( 0.006077 0.000000 0.000000 ))
(14.695200 ( 0.006016 0.000000 0.000000 ))
(14.710900 ( 0.006071 0.000000 0.000000 ))
(14.726600 ( 0.006125 0.000000 0.000000 ))
(14.742300 ( 0.006049 0.000000 0.000000 ))
(14.758000 ( 0.005974 0.000000 0.000000 ))
(14.773700 ( 0.006044 0.000000 0.000000 ))
(14.789400 ( 0.006113 0.000000 0.000000 ))
(14.805100 ( 0.006033 0.000000 0.000000 ))
(14.820800 ( 0.005952 0.000000 0.000000 ))
(14.836500 ( 0.005983 0.000000 0.000000 ))
(14.852200 ( 0.006014 0.000000 0.000000 ))
(14.867900 ( 0.005974 0.000000 0.000000 ))
(14.883600 ( 0.005935 0.000000 0.000000 ))
(14.899300 ( 0.005897 0.000000 0.000000 ))
(14.915000 ( 0.005860 0.000000 0.000000 ))
(14.930700 ( 0.005878 0.000000 0.000000 ))
(14.946400 ( 0.005896 0.000000 0.000000 ))
(14.962100 ( 0.005814 0.000000 0.000000 ))
(14.977800 ( 0.005733 0.000000 0.000000 ))
(14.993500 ( 0.005795 0.000000 0.000000 ))
(15.009200 ( 0.005857 0.000000 0.000000 ))
(15.024900 ( 0.005763 0.000000 0.000000 ))
(15.040600 ( 0.005670 0.000000 0.000000 ))
(15.056300 ( 0.005721 0.000000 0.000000 ))
(15.072000 ( 0.005773 0.000000 0.000000 ))
(15.087700 ( 0.005687 0.000000 0.000000 ))
(15.103400 ( 0.005601 0.000000 0.000000 ))
(15.119100 ( 0.005581 0.000000 0.000000 ))
(15.134800 ( 0.005561 0.000000 0.000000 ))
(15.150500 ( 0.005532 0.000000 0.000000 ))
(15.166200 ( 0.005503 0.000000 0.000000 ))
(15.181900 ( 0.005417 0.000000 0.000000 ))
(15.197600 ( 0.005331 0.000000 0.000000 ))
(15.213300 ( 0.005359 0.000000 0.000000 ))
(15.229000 ( 0.005388 0.000000 0.000000 ))
(15.244700 ( 0.005284 0.000000 0.000000 ))
(15.260400 ( 0.005179 0.000000 0.000000 ))
(15.276100 ( 0.005213 0.000000 0.000000 ))
(15.291800 ( 0.005247 0.000000 0.000000 ))
(15.307500 ( 0.005136 0.000000 0.000000 ))
(15.323200 ( 0.005025 0.000000 0.000000 ))
(15.338900 ( 0.005015 0.000000 0.000000 ))
(15.354600 ( 0.005004 0.000000 0.000000 ))
(15.370300 ( 0.004928 0.000000 0.000000 ))
(15.386000 ( 0.004851 0.000000 0.000000 ))
(15.401700 ( 0.004776 0.000000 0.000000 ))
(15.417400 ( 0.004700 0.000000 0.000000 ))
(15.433100 ( 0.004671 0.000000 0.000000 ))
(15.448800 ( 0.004642 0.000000 0.000000 ))
(15.464500 ( 0.004528 0.000000 0.000000 ))
(15.480200 ( 0.004414 0.000000 0.000000 ))
(15.495900 ( 0.004415 0.000000 0.000000 ))
(15.511600 ( 0.004416 0.000000 0.000000 ))
(15.527300 ( 0.004293 0.000000 0.000000 ))
(15.543000 ( 0.004169 0.000000 0.000000 ))
(15.558700 ( 0.004157 0.000000 0.000000 ))
(15.574400 ( 0.004144 0.000000 0.000000 ))
(15.590100 ( 0.004027 0.000000 0.000000 ))
(15.605800 ( 0.003910 0.000000 0.000000 ))
(15.621500 ( 0.003840 0.000000 0.000000 ))
(15.637200 ( 0.003770 0.000000 0.000000 ))
(15.652900 ( 0.003694 0.000000 0.000000 ))
(15.668600 ( 0.003617 0.000000 0.000000 ))
(15.684300 ( 0.003502 0.000000 0.000000 ))
(15.700000 ( 0.003387 0.000000 0.000000 ))
(15.715700 ( 0.003347 0.000000 0.000000 ))
(15.731400 ( 0.003307 0.000000 0.000000 ))
(15.747100 ( 0.003182 0.000000 0.000000 ))
(15.762800 ( 0.003057 0.000000 0.000000 ))
(15.778500 ( 0.003016 0.000000 0.000000 ))
(15.794200 ( 0.002975 0.000000 0.000000 ))
(15.809900 ( 0.002849 0.000000 0.000000 ))
(15.825600 ( 0.002723 0.000000 0.000000 ))
(15.841300 ( 0.002653 0.000000 0.000000 ))
(15.857000 ( 0.002583 0.000000 0.000000 ))
(15.872700 ( 0.002478 0.000000 0.000000 ))
(15.888400 ( 0.002373 0.000000 0.000000 ))
(15.904100 ( 0.002269 0.000000 0.000000 ))
(15.919800 ( 0.002165 0.000000 0.000000 ))
(15.935500 ( 0.002085 0.000000 0.000000 ))
(15.951200 ( 0.002005 0.000000 0.000000 ))
(15.966900 ( 0.001886 0.000000 0.000000 ))
(15.982600 ( 0.001766 0.000000 0.000000 ))
(15.998300 ( 0.001696 0.000000 0.000000 ))
(16.014000 ( 0.001627 0.000000 0.000000 ))
(16.029700 ( 0.001508 0.000000 0.000000 ))
(16.045400 ( 0.001389 0.000000 0.000000 ))
(16.061100 ( 0.001310 0.000000 0.000000 ))
(16.076800 ( 0.001232 0.000000 0.000000 ))
(16.092500 ( 0.001121 0.000000 0.000000 ))
(16.108200 ( 0.001009 0.000000 0.000000 ))
(16.123900 ( 0.000913 0.000000 0.000000 ))
(16.139600 ( 0.000817 0.000000 0.000000 ))
(16.155300 ( 0.000720 0.000000 0.000000 ))
(16.171000 ( 0.000623 0.000000 0.000000 ))
(16.186700 ( 0.000523 0.000000 0.000000 ))
(16.202400 ( 0.000422 0.000000 0.000000 ))
(16.218100 ( 0.000331 0.000000 0.000000 ))
(16.233800 ( 0.000240 0.000000 0.000000 ))
(16.249500 ( 0.000145 0.000000 0.000000 ))
(16.265200 ( 0.000049 0.000000 0.000000 ))
(16.280900 ( -0.000047 0.000000 0.000000 ))
(16.296600 ( -0.000143 0.000000 0.000000 ))
(16.312300 ( -0.000230 0.000000 0.000000 ))
(16.328000 ( -0.000317 0.000000 0.000000 ))
(16.343700 ( -0.000413 0.000000 0.000000 ))
(16.359400 ( -0.000509 0.000000 0.000000 ))
(16.375100 ( -0.000595 0.000000 0.000000 ))
(16.390800 ( -0.000681 0.000000 0.000000 ))
(16.406500 ( -0.000764 0.000000 0.000000 ))
(16.422200 ( -0.000848 0.000000 0.000000 ))
(16.437900 ( -0.000941 0.000000 0.000000 ))
(16.453600 ( -0.001035 0.000000 0.000000 ))
(16.469300 ( -0.001102 0.000000 0.000000 ))
(16.485000 ( -0.001170 0.000000 0.000000 ))
(16.500700 ( -0.001277 0.000000 0.000000 ))
(16.516400 ( -0.001385 0.000000 0.000000 ))
(16.532100 ( -0.001442 0.000000 0.000000 ))
(16.547800 ( -0.001499 0.000000 0.000000 ))
(16.563500 ( -0.001607 0.000000 0.000000 ))
(16.579200 ( -0.001716 0.000000 0.000000 ))
(16.594900 ( -0.001768 0.000000 0.000000 ))
(16.610600 ( -0.001820 0.000000 0.000000 ))
(16.626300 ( -0.001900 0.000000 0.000000 ))
(16.642000 ( -0.001979 0.000000 0.000000 ))
(16.657700 ( -0.002055 0.000000 0.000000 ))
(16.673400 ( -0.002130 0.000000 0.000000 ))
(16.689100 ( -0.002173 0.000000 0.000000 ))
(16.704800 ( -0.002216 0.000000 0.000000 ))
(16.720500 ( -0.002323 0.000000 0.000000 ))
(16.736200 ( -0.002430 0.000000 0.000000 ))
(16.751900 ( -0.002460 0.000000 0.000000 ))
(16.767600 ( -0.002489 0.000000 0.000000 ))
(16.783300 ( -0.002606 0.000000 0.000000 ))
(16.799000 ( -0.002722 0.000000 0.000000 ))
(16.814700 ( -0.002742 0.000000 0.000000 ))
(16.830400 ( -0.002762 0.000000 0.000000 ))
(16.846100 ( -0.002854 0.000000 0.000000 ))
(16.861800 ( -0.002946 0.000000 0.000000 ))
(16.877500 ( -0.002990 0.000000 0.000000 ))
(16.893200 ( -0.003033 0.000000 0.000000 ))
(16.908900 ( -0.003077 0.000000 0.000000 ))
(16.924600 ( -0.003120 0.000000 0.000000 ))
(16.940300 ( -0.003204 0.000000 0.000000 ))
(16.956000 ( -0.003289 0.000000 0.000000 ))
(16.971700 ( -0.003299 0.000000 0.000000 ))
(16.987400 ( -0.003309 0.000000 0.000000 ))
(17.003100 ( -0.003429 0.000000 0.000000 ))
(17.018800 ( -0.003549 0.000000 0.000000 ))
(17.034500 ( -0.003550 0.000000 0.000000 ))
(17.050200 ( -0.003551 0.000000 0.000000 ))
(17.065900 ( -0.003669 0.000000 0.000000 ))
(17.081600 ( -0.003787 0.000000 0.000000 ))
(17.097300 ( -0.003793 0.000000 0.000000 ))
(17.113000 ( -0.003800 0.000000 0.000000 ))
(17.128700 ( -0.003864 0.000000 0.000000 ))
(17.144400 ( -0.003927 0.000000 0.000000 ))
(17.160100 ( -0.003986 0.000000 0.000000 ))
(17.175800 ( -0.004046 0.000000 0.000000 ))
(17.191500 ( -0.004056 0.000000 0.000000 ))
(17.207200 ( -0.004067 0.000000 0.000000 ))
(17.222900 ( -0.004184 0.000000 0.000000 ))
(17.238600 ( -0.004300 0.000000 0.000000 ))
(17.254300 ( -0.004300 0.000000 0.000000 ))
(17.270000 ( -0.004300 0.000000 0.000000 ))
(17.285700 ( -0.004432 0.000000 0.000000 ))
(17.301400 ( -0.004563 0.000000 0.000000 ))
(17.317100 ( -0.004562 0.000000 0.000000 ))
(17.332800 ( -0.004561 0.000000 0.000000 ))
(17.348500 ( -0.004661 0.000000 0.000000 ))
(17.364200 ( -0.004761 0.000000 0.000000 ))
(17.379900 ( -0.004802 0.000000 0.000000 ))
(17.395600 ( -0.004842 0.000000 0.000000 ))
(17.411300 ( -0.004888 0.000000 0.000000 ))
(17.427000 ( -0.004933 0.000000 0.000000 ))
(17.442700 ( -0.005033 0.000000 0.000000 ))
(17.458400 ( -0.005133 0.000000 0.000000 ))
(17.474100 ( -0.005149 0.000000 0.000000 ))
(17.489800 ( -0.005166 0.000000 0.000000 ))
(17.505500 ( -0.005310 0.000000 0.000000 ))
(17.521200 ( -0.005455 0.000000 0.000000 ))
(17.536900 ( -0.005472 0.000000 0.000000 ))
(17.552600 ( -0.005488 0.000000 0.000000 ))
(17.568300 ( -0.005634 0.000000 0.000000 ))
(17.584000 ( -0.005780 0.000000 0.000000 ))
(17.599700 ( -0.005813 0.000000 0.000000 ))
(17.615400 ( -0.005847 0.000000 0.000000 ))
(17.631100 ( -0.005942 0.000000 0.000000 ))
(17.646800 ( -0.006038 0.000000 0.000000 ))
(17.662500 ( -0.006133 0.000000 0.000000 ))
(17.678200 ( -0.006227 0.000000 0.000000 ))
(17.693900 ( -0.006281 0.000000 0.000000 ))
(17.709600 ( -0.006334 0.000000 0.000000 ))
(17.725300 ( -0.006490 0.000000 0.000000 ))
(17.741000 ( -0.006645 0.000000 0.000000 ))
(17.756700 ( -0.006698 0.000000 0.000000 ))
(17.772400 ( -0.006751 0.000000 0.000000 ))
(17.788100 ( -0.006923 0.000000 0.000000 ))
(17.803800 ( -0.007094 0.000000 0.000000 ))
(17.819500 ( -0.007157 0.000000 0.000000 ))
(17.835200 ( -0.007219 0.000000 0.000000 ))
(17.850900 ( -0.007369 0.000000 0.000000 ))
(17.866600 ( -0.007519 0.000000 0.000000 ))
(17.882300 ( -0.007623 0.000000 0.000000 ))
(17.898000 ( -0.007727 0.000000 0.000000 ))
(17.913700 ( -0.007840 0.000000 0.000000 ))
(17.929400 ( -0.007953 0.000000 0.000000 ))
(17.945100 ( -0.008110 0.000000 0.000000 ))
(17.960800 ( -0.008267 0.000000 0.000000 ))
(17.976500 ( -0.008365 0.000000 0.000000 ))
(17.992200 ( -0.008464 0.000000 0.000000 ))
(18.007900 ( -0.008656 0.000000 0.000000 ))
(18.023600 ( -0.008848 0.000000 0.000000 ))
(18.039300 ( -0.008954 0.000000 0.000000 ))
(18.055000 ( -0.009060 0.000000 0.000000 ))
(18.070700 ( -0.009254 0.000000 0.000000 ))
(18.086400 ( -0.009448 0.000000 0.000000 ))
(18.102100 ( -0.009573 0.000000 0.000000 ))
(18.117800 ( -0.009697 0.000000 0.000000 ))
(18.133500 ( -0.009862 0.000000 0.000000 ))
(18.149200 ( -0.010027 0.000000 0.000000 ))
(18.164900 ( -0.010193 0.000000 0.000000 ))
(18.180600 ( -0.010359 0.000000 0.000000 ))
(18.196300 ( -0.010505 0.000000 0.000000 ))
(18.212000 ( -0.010650 0.000000 0.000000 ))
(18.227700 ( -0.010852 0.000000 0.000000 ))
(18.243400 ( -0.011054 0.000000 0.000000 ))
(18.259100 ( -0.011203 0.000000 0.000000 ))
(18.274800 ( -0.011352 0.000000 0.000000 ))
(18.290500 ( -0.011560 0.000000 0.000000 ))
(18.306200 ( -0.011768 0.000000 0.000000 ))
(18.321900 ( -0.011925 0.000000 0.000000 ))
(18.337600 ( -0.012082 0.000000 0.000000 ))
(18.353300 ( -0.012278 0.000000 0.000000 ))
(18.369000 ( -0.012475 0.000000 0.000000 ))
(18.384700 ( -0.012650 0.000000 0.000000 ))
(18.400400 ( -0.012826 0.000000 0.000000 ))
(18.416100 ( -0.013007 0.000000 0.000000 ))
(18.431800 ( -0.013187 0.000000 0.000000 ))
(18.447500 ( -0.013382 0.000000 0.000000 ))
(18.463200 ( -0.013576 0.000000 0.000000 ))
(18.478900 ( -0.013751 0.000000 0.000000 ))
(18.494600 ( -0.013926 0.000000 0.000000 ))
(18.510300 ( -0.014126 0.000000 0.000000 ))
(18.526000 ( -0.014326 0.000000 0.000000 ))
(18.541700 ( -0.014501 0.000000 0.000000 ))
(18.557400 ( -0.014677 0.000000 0.000000 ))
(18.573100 ( -0.014869 0.000000 0.000000 ))
(18.588800 ( -0.015061 0.000000 0.000000 ))
(18.604500 ( -0.015238 0.000000 0.000000 ))
(18.620200 ( -0.015415 0.000000 0.000000 ))
(18.635900 ( -0.015594 0.000000 0.000000 ))
(18.651600 ( -0.015773 0.000000 0.000000 ))
(18.667300 ( -0.015948 0.000000 0.000000 ))
(18.683000 ( -0.016122 0.000000 0.000000 ))
(18.698700 ( -0.016293 0.000000 0.000000 ))
(18.714400 ( -0.016465 0.000000 0.000000 ))
(18.730100 ( -0.016630 0.000000 0.000000 ))
(18.745800 ( -0.016794 0.000000 0.000000 ))
(18.761500 ( -0.016957 0.000000 0.000000 ))
(18.777200 ( -0.017120 0.000000 0.000000 ))
(18.792900 ( -0.017267 0.000000 0.000000 ))
(18.808600 ( -0.017414 0.000000 0.000000 ))
(18.824300 ( -0.017567 0.000000 0.000000 ))
(18.840000 ( -0.017720 0.000000 0.000000 ))
(18.855700 ( -0.017853 0.000000 0.000000 ))
(18.871400 ( -0.017985 0.000000 0.000000 ))
(18.887100 ( -0.018117 0.000000 0.000000 ))
(18.902800 ( -0.018249 0.000000 0.000000 ))
(18.918500 ( -0.018373 0.000000 0.000000 ))
(18.934200 ( -0.018496 0.000000 0.000000 ))
(18.949900 ( -0.018597 0.000000 0.000000 ))
(18.965600 ( -0.018699 0.000000 0.000000 ))
(18.981300 ( -0.018809 0.000000 0.000000 ))
(18.997000 ( -0.018920 0.000000 0.000000 ))
(19.012700 ( -0.018985 0.000000 0.000000 ))
(19.028400 ( -0.019050 0.000000 0.000000 ))
(19.044100 ( -0.019139 0.000000 0.000000 ))
(19.059800 ( -0.019227 0.000000 0.000000 ))
(19.075500 ( -0.019263 0.000000 0.000000 ))
(19.091200 ( -0.019299 0.000000 0.000000 ))
(19.106900 ( -0.019358 0.000000 0.000000 ))
(19.122600 ( -0.019418 0.000000 0.000000 ))
(19.138300 ( -0.019442 0.000000 0.000000 ))
(19.154000 ( -0.019465 0.000000 0.000000 ))
(19.169700 ( -0.019473 0.000000 0.000000 ))
(19.185400 ( -0.019481 0.000000 0.000000 ))
(19.201100 ( -0.019492 0.000000 0.000000 ))
(19.216800 ( -0.019504 0.000000 0.000000 ))
(19.232500 ( -0.019453 0.000000 0.000000 ))
(19.248200 ( -0.019403 0.000000 0.000000 ))
(19.263900 ( -0.019383 0.000000 0.000000 ))
(19.279600 ( -0.019362 0.000000 0.000000 ))
(19.295300 ( -0.019266 0.000000 0.000000 ))
(19.311000 ( -0.019171 0.000000 0.000000 ))
(19.326700 ( -0.019113 0.000000 0.000000 ))
(19.342400 ( -0.019056 0.000000 0.000000 ))
(19.358100 ( -0.018932 0.000000 0.000000 ))
(19.373800 ( -0.018809 0.000000 0.000000 ))
(19.389500 ( -0.018692 0.000000 0.000000 ))
(19.405200 ( -0.018576 0.000000 0.000000 ))
(19.420900 ( -0.018436 0.000000 0.000000 ))
(19.436600 ( -0.018296 0.000000 0.000000 ))
(19.452300 ( -0.018107 0.000000 0.000000 ))
(19.468000 ( -0.017918 0.000000 0.000000 ))
(19.483700 ( -0.017749 0.000000 0.000000 ))
(19.499400 ( -0.017581 0.000000 0.000000 ))
(19.515100 ( -0.017324 0.000000 0.000000 ))
(19.530800 ( -0.017068 0.000000 0.000000 ))
(19.546500 ( -0.016854 0.000000 0.000000 ))
(19.562200 ( -0.016641 0.000000 0.000000 ))
(19.577900 ( -0.016336 0.000000 0.000000 ))
(19.593600 ( -0.016031 0.000000 0.000000 ))
(19.609300 ( -0.015763 0.000000 0.000000 ))
(19.625000 ( -0.015495 0.000000 0.000000 ))
(19.640700 ( -0.015170 0.000000 0.000000 ))
(19.656400 ( -0.014845 0.000000 0.000000 ))
(19.672100 ( -0.014496 0.000000 0.000000 ))
(19.687800 ( -0.014147 0.000000 0.000000 ))
(19.703500 ( -0.013799 0.000000 0.000000 ))
(19.719200 ( -0.013451 0.000000 0.000000 ))
(19.734900 ( -0.013019 0.000000 0.000000 ))
(19.750600 ( -0.012587 0.000000 0.000000 ))
(19.766300 ( -0.012192 0.000000 0.000000 ))
(19.782000 ( -0.011797 0.000000 0.000000 ))
(19.797700 ( -0.011307 0.000000 0.000000 ))
(19.813400 ( -0.010817 0.000000 0.000000 ))
(19.829100 ( -0.010371 0.000000 0.000000 ))
(19.844800 ( -0.009924 0.000000 0.000000 ))
(19.860500 ( -0.009399 0.000000 0.000000 ))
(19.876200 ( -0.008874 0.000000 0.000000 ))
(19.891900 ( -0.008356 0.000000 0.000000 ))
(19.907600 ( -0.007838 0.000000 0.000000 ))
(19.923300 ( -0.007292 0.000000 0.000000 ))
(19.939000 ( -0.006746 0.000000 0.000000 ))
(19.954700 ( -0.006147 0.000000 0.000000 ))
(19.970400 ( -0.005549 0.000000 0.000000 ))
(19.986100 ( -0.004968 0.000000 0.000000 ))
(20.001800 ( -0.004388 0.000000 0.000000 ))
(20.017500 ( -0.003721 0.000000 0.000000 ))
(20.033200 ( -0.003054 0.000000 0.000000 ))
(20.048900 ( -0.002428 0.000000 0.000000 ))
(20.064600 ( -0.001801 0.000000 0.000000 ))
(20.080300 ( -0.001089 0.000000 0.000000 ))
(20.096000 ( -0.000376 0.000000 0.000000 ))
(20.111700 ( 0.000302 0.000000 0.000000 ))
(20.127400 ( 0.000981 0.000000 0.000000 ))
(20.143100 ( 0.001710 0.000000 0.000000 ))
(20.158800 ( 0.002439 0.000000 0.000000 ))
(20.174500 ( 0.003187 0.000000 0.000000 ))
(20.190200 ( 0.003935 0.000000 0.000000 ))
(20.205900 ( 0.004683 0.000000 0.000000 ))
(20.221600 ( 0.005430 0.000000 0.000000 ))
(20.237300 ( 0.006244 0.000000 0.000000 ))
(20.253000 ( 0.007057 0.000000 0.000000 ))
(20.268700 ( 0.007839 0.000000 0.000000 ))
(20.284400 ( 0.008620 0.000000 0.000000 ))
(20.300100 ( 0.009472 0.000000 0.000000 ))
(20.315800 ( 0.010324 0.000000 0.000000 ))
(20.331500 ( 0.011140 0.000000 0.000000 ))
(20.347200 ( 0.011956 0.000000 0.000000 ))
(20.362900 ( 0.012825 0.000000 0.000000 ))
(20.378600 ( 0.013695 0.000000 0.000000 ))
(20.394300 ( 0.014554 0.000000 0.000000 ))
(20.410000 ( 0.015414 0.000000 0.000000 ))
(20.425700 ( 0.016288 0.000000 0.000000 ))
(20.441400 ( 0.017162 0.000000 0.000000 ))
(20.457100 ( 0.018065 0.000000 0.000000 ))
(20.472800 ( 0.018969 0.000000 0.000000 ))
(20.488500 ( 0.019854 0.000000 0.000000 ))
(20.504200 ( 0.020738 0.000000 0.000000 ))
(20.519900 ( 0.021670 0.000000 0.000000 ))
(20.535600 ( 0.022602 0.000000 0.000000 ))
(20.551300 ( 0.023500 0.000000 0.000000 ))
(20.567000 ( 0.024397 0.000000 0.000000 ))
(20.582700 ( 0.025338 0.000000 0.000000 ))
(20.598400 ( 0.026278 0.000000 0.000000 ))
(20.614100 ( 0.027189 0.000000 0.000000 ))
(20.629800 ( 0.028100 0.000000 0.000000 ))
(20.645500 ( 0.029027 0.000000 0.000000 ))
(20.661200 ( 0.029954 0.000000 0.000000 ))
(20.676900 ( 0.030881 0.000000 0.000000 ))
(20.692600 ( 0.031807 0.000000 0.000000 ))
(20.708300 ( 0.032720 0.000000 0.000000 ))
(20.724000 ( 0.033634 0.000000 0.000000 ))
(20.739700 ( 0.034567 0.000000 0.000000 ))
(20.755400 ( 0.035499 0.000000 0.000000 ))
(20.771100 ( 0.036401 0.000000 0.000000 ))
(20.786800 ( 0.037303 0.000000 0.000000 ))
(20.802500 ( 0.038221 0.000000 0.000000 ))
(20.818200 ( 0.039140 0.000000 0.000000 ))
(20.833900 ( 0.040025 0.000000 0.000000 ))
(20.849600 ( 0.040911 0.000000 0.000000 ))
(20.865300 ( 0.041801 0.000000 0.000000 ))
(20.881000 ( 0.042690 0.000000 0.000000 ))
(20.896700 ( 0.043558 0.000000 0.000000 ))
(20.912400 ( 0.044425 0.000000 0.000000 ))
(20.928100 ( 0.045276 0.000000 0.000000 ))
(20.943800 ( 0.046128 0.000000 0.000000 ))
(20.959500 ( 0.046968 0.000000 0.000000 ))
(20.975200 ( 0.047809 0.000000 0.000000 ))
(20.990900 ( 0.048620 0.000000 0.000000 ))
(21.006600 ( 0.049432 0.000000 0.000000 ))
(21.022300 ( 0.050233 0.000000 0.000000 ))
(21.038000 ( 0.051033 0.000000 0.000000 ))
(21.053700 ( 0.051800 0.000000 0.000000 ))
(21.069400 ( 0.052566 0.000000 0.000000 ))
(21.085100 ( 0.053315 0.000000 0.000000 ))
(21.100800 ( 0.054064 0.000000 0.000000 ))
(21.116500 ( 0.054781 0.000000 0.000000 ))
(21.132200 ( 0.055498 0.000000 0.000000 ))
(21.147900 ( 0.056185 0.000000 0.000000 ))
(21.163600 ( 0.056873 0.000000 0.000000 ))
(21.179300 ( 0.057530 0.000000 0.000000 ))
(21.195000 ( 0.058186 0.000000 0.000000 ))
(21.210700 ( 0.058809 0.000000 0.000000 ))
(21.226400 ( 0.059431 0.000000 0.000000 ))
(21.242100 ( 0.060018 0.000000 0.000000 ))
(21.257800 ( 0.060605 0.000000 0.000000 ))
(21.273500 ( 0.061155 0.000000 0.000000 ))
(21.289200 ( 0.061706 0.000000 0.000000 ))
(21.304900 ( 0.062214 0.000000 0.000000 ))
(21.320600 ( 0.062723 0.000000 0.000000 ))
(21.336300 ( 0.063195 0.000000 0.000000 ))
(21.352000 ( 0.063667 0.000000 0.000000 ))
(21.367700 ( 0.064093 0.000000 0.000000 ))
(21.383400 ( 0.064518 0.000000 0.000000 ))
(21.399100 ( 0.064904 0.000000 0.000000 ))
(21.414800 ( 0.065290 0.000000 0.000000 ))
(21.430500 ( 0.065629 0.000000 0.000000 ))
(21.446200 ( 0.065967 0.000000 0.000000 ))
(21.461900 ( 0.066255 0.000000 0.000000 ))
(21.477600 ( 0.066543 0.000000 0.000000 ))
(21.493300 ( 0.066789 0.000000 0.000000 ))
(21.509000 ( 0.067035 0.000000 0.000000 ))
(21.524700 ( 0.067220 0.000000 0.000000 ))
(21.540400 ( 0.067405 0.000000 0.000000 ))
(21.556100 ( 0.067551 0.000000 0.000000 ))
(21.571800 ( 0.067698 0.000000 0.000000 ))
(21.587500 ( 0.067777 0.000000 0.000000 ))
(21.603200 ( 0.067857 0.000000 0.000000 ))
(21.618900 ( 0.067899 0.000000 0.000000 ))
(21.634600 ( 0.067940 0.000000 0.000000 ))
(21.650300 ( 0.067919 0.000000 0.000000 ))
(21.666000 ( 0.067897 0.000000 0.000000 ))
(21.681700 ( 0.067821 0.000000 0.000000 ))
(21.697400 ( 0.067745 0.000000 0.000000 ))
(21.713100 ( 0.067619 0.000000 0.000000 ))
(21.728800 ( 0.067492 0.000000 0.000000 ))
(21.744500 ( 0.067294 0.000000 0.000000 ))
(21.760200 ( 0.067096 0.000000 0.000000 ))
(21.775900 ( 0.066858 0.000000 0.000000 ))
(21.791600 ( 0.066619 0.000000 0.000000 ))
(21.807300 ( 0.066302 0.000000 0.000000 ))
(21.823000 ( 0.065986 0.000000 0.000000 ))
(21.838700 ( 0.065632 0.000000 0.000000 ))
(21.854400 ( 0.065278 0.000000 0.000000 ))
(21.870100 ( 0.064849 0.000000 0.000000 ))
(21.885800 ( 0.064420 0.000000 0.000000 ))
(21.901500 ( 0.063943 0.000000 0.000000 ))
(21.917200 ( 0.063467 0.000000 0.000000 ))
(21.932900 ( 0.062929 0.000000 0.000000 ))
(21.948600 ( 0.062390 0.000000 0.000000 ))
(21.964300 ( 0.061785 0.000000 0.000000 ))
(21.980000 ( 0.061180 0.000000 0.000000 ))
(21.995700 ( 0.060529 0.000000 0.000000 ))
(22.011400 ( 0.059879 0.000000 0.000000 ))
(22.027100 ( 0.059150 0.000000 0.000000 ))
(22.042800 ( 0.058420 0.000000 0.000000 ))
(22.058500 ( 0.057656 0.000000 0.000000 ))
(22.074200 ( 0.056892 0.000000 0.000000 ))
(22.089900 ( 0.056046 0.000000 0.000000 ))
(22.105600 ( 0.055200 0.000000 0.000000 ))
(22.121300 ( 0.054320 0.000000 0.000000 ))
(22.137000 ( 0.053441 0.000000 0.000000 ))
(22.152700 ( 0.052492 0.000000 0.000000 ))
(22.168400 ( 0.051544 0.000000 0.000000 ))
(22.184100 ( 0.050542 0.000000 0.000000 ))
(22.199800 ( 0.049541 0.000000 0.000000 ))
(22.215500 ( 0.048492 0.000000 0.000000 ))
(22.231200 ( 0.047443 0.000000 0.000000 ))
(22.246900 ( 0.046323 0.000000 0.000000 ))
(22.262600 ( 0.045203 0.000000 0.000000 ))
(22.278300 ( 0.044052 0.000000 0.000000 ))
(22.294000 ( 0.042902 0.000000 0.000000 ))
(22.309700 ( 0.041677 0.000000 0.000000 ))
(22.325400 ( 0.040452 0.000000 0.000000 ))
(22.341100 ( 0.039202 0.000000 0.000000 ))
(22.356800 ( 0.037953 0.000000 0.000000 ))
(22.372500 ( 0.036637 0.000000 0.000000 ))
(22.388200 ( 0.035321 0.000000 0.000000 ))
(22.403900 ( 0.033972 0.000000 0.000000 ))
(22.419600 ( 0.032624 0.000000 0.000000 ))
(22.435300 ( 0.031229 0.000000 0.000000 ))
(22.451000 ( 0.029833 0.000000 0.000000 ))
(22.466700 ( 0.028388 0.000000 0.000000 ))
(22.482400 ( 0.026942 0.000000 0.000000 ))
(22.498100 ( 0.025471 0.000000 0.000000 ))
(22.513800 ( 0.024000 0.000000 0.000000 ))
(22.529500 ( 0.022470 0.000000 0.000000 ))
(22.545200 ( 0.020941 0.000000 0.000000 ))
(22.560900 ( 0.019398 0.000000 0.000000 ))
(22.576600 ( 0.017856 0.000000 0.000000 ))
(22.592300 ( 0.016257 0.000000 0.000000 ))
(22.608000 ( 0.014658 0.000000 0.000000 ))
(22.623700 ( 0.013049 0.000000 0.000000 ))
(22.639400 ( 0.011440 0.000000 0.000000 ))
(22.655100 ( 0.009792 0.000000 0.000000 ))
(22.670800 ( 0.008143 0.000000 0.000000 ))
(22.686500 ( 0.006471 0.000000 0.000000 ))
(22.702200 ( 0.004798 0.000000 0.000000 ))
(22.717900 ( 0.003109 0.000000 0.000000 ))
(22.733600 ( 0.001420 0.000000 0.000000 ))
(22.749300 ( -0.000305 0.000000 0.000000 ))
(22.765000 ( -0.002030 0.000000 0.000000 ))
(22.780700 ( -0.003755 0.000000 0.000000 ))
(22.796400 ( -0.005479 0.000000 0.000000 ))
(22.812100 ( -0.007238 0.000000 0.000000 ))
(22.827800 ( -0.008997 0.000000 0.000000 ))
(22.843500 ( -0.010749 0.000000 0.000000 ))
(22.859200 ( -0.012500 0.000000 0.000000 ))
(22.874900 ( -0.014275 0.000000 0.000000 ))
(22.890600 ( -0.016051 0.000000 0.000000 ))
(22.906300 ( -0.017824 0.000000 0.000000 ))
(22.922000 ( -0.019596 0.000000 0.000000 ))
(22.937700 ( -0.021372 0.000000 0.000000 ))
(22.953400 ( -0.023148 0.000000 0.000000 ))
(22.969100 ( -0.024930 0.000000 0.000000 ))
(22.984800 ( -0.026713 0.000000 0.000000 ))
(23.000500 ( -0.028481 0.000000 0.000000 ))
(23.016200 ( -0.030250 0.000000 0.000000 ))
(23.031900 ( -0.032027 0.000000 0.000000 ))
(23.047600 ( -0.033804 0.000000 0.000000 ))
(23.063300 ( -0.035556 0.000000 0.000000 ))
(23.079000 ( -0.037308 0.000000 0.000000 ))
(23.094700 ( -0.039062 0.000000 0.000000 ))
(23.110400 ( -0.040816 0.000000 0.000000 ))
(23.126100 ( -0.042543 0.000000 0.000000 ))
(23.141800 ( -0.044270 0.000000 0.000000 ))
(23.157500 ( -0.045983 0.000000 0.000000 ))
(23.173200 ( -0.047696 0.000000 0.000000 ))
(23.188900 ( -0.049388 0.000000 0.000000 ))
(23.204600 ( -0.051080 0.000000 0.000000 ))
(23.220300 ( -0.052740 0.000000 0.000000 ))
(23.236000 ( -0.054401 0.000000 0.000000 ))
(23.251700 ( -0.056043 0.000000 0.000000 ))
(23.267400 ( -0.057686 0.000000 0.000000 ))
(23.283100 ( -0.059286 0.000000 0.000000 ))
(23.298800 ( -0.060887 0.000000 0.000000 ))
(23.314500 ( -0.062465 0.000000 0.000000 ))
(23.330200 ( -0.064043 0.000000 0.000000 ))
(23.345900 ( -0.065573 0.000000 0.000000 ))
(23.361600 ( -0.067104 0.000000 0.000000 ))
(23.377300 ( -0.068602 0.000000 0.000000 ))
(23.393000 ( -0.070100 0.000000 0.000000 ))
(23.408700 ( -0.071553 0.000000 0.000000 ))
(23.424400 ( -0.073007 0.000000 0.000000 ))
(23.440100 ( -0.074410 0.000000 0.000000 ))
(23.455800 ( -0.075814 0.000000 0.000000 ))
(23.471500 ( -0.077175 0.000000 0.000000 ))
(23.487200 ( -0.078535 0.000000 0.000000 ))
(23.502900 ( -0.079838 0.000000 0.000000 ))
(23.518600 ( -0.081141 0.000000 0.000000 ))
(23.534300 ( -0.082398 0.000000 0.000000 ))
(23.550000 ( -0.083655 0.000000 0.000000 ))
(23.565700 ( -0.084850 0.000000 0.000000 ))
(23.581400 ( -0.086046 0.000000 0.000000 ))
(23.597100 ( -0.087187 0.000000 0.000000 ))
(23.612800 ( -0.088328 0.000000 0.000000 ))
(23.628500 ( -0.089408 0.000000 0.000000 ))
(23.644200 ( -0.090488 0.000000 0.000000 ))
(23.659900 ( -0.091503 0.000000 0.000000 ))
(23.675600 ( -0.092517 0.000000 0.000000 ))
(23.691300 ( -0.093471 0.000000 0.000000 ))
(23.707000 ( -0.094424 0.000000 0.000000 ))
(23.722700 ( -0.095305 0.000000 0.000000 ))
(23.738400 ( -0.096185 0.000000 0.000000 ))
(23.754100 ( -0.097002 0.000000 0.000000 ))
(23.769800 ( -0.097818 0.000000 0.000000 ))
(23.785500 ( -0.098561 0.000000 0.000000 ))
(23.801200 ( -0.099304 0.000000 0.000000 ))
(23.816900 ( -0.099978 0.000000 0.000000 ))
(23.832600 ( -0.100652 0.000000 0.000000 ))
(23.848300 ( -0.101250 0.000000 0.000000 ))
(23.864000 ( -0.101849 0.000000 0.000000 ))
(23.879700 ( -0.102372 0.000000 0.000000 ))
(23.895400 ( -0.102895 0.000000 0.000000 ))
(23.911100 ( -0.103347 0.000000 0.000000 ))
(23.926800 ( -0.103800 0.000000 0.000000 ))
(23.942500 ( -0.104167 0.000000 0.000000 ))
(23.958200 ( -0.104534 0.000000 0.000000 ))
(23.973900 ( -0.104827 0.000000 0.000000 ))
(23.989600 ( -0.105120 0.000000 0.000000 ))
(24.005300 ( -0.105332 0.000000 0.000000 ))
(24.021000 ( -0.105543 0.000000 0.000000 ))
(24.036700 ( -0.105676 0.000000 0.000000 ))
(24.052400 ( -0.105810 0.000000 0.000000 ))
(24.068100 ( -0.105865 0.000000 0.000000 ))
(24.083800 ( -0.105919 0.000000 0.000000 ))
(24.099500 ( -0.105890 0.000000 0.000000 ))
(24.115200 ( -0.105860 0.000000 0.000000 ))
(24.130900 ( -0.105757 0.000000 0.000000 ))
(24.146600 ( -0.105654 0.000000 0.000000 ))
(24.162300 ( -0.105462 0.000000 0.000000 ))
(24.178000 ( -0.105270 0.000000 0.000000 ))
(24.193700 ( -0.105004 0.000000 0.000000 ))
(24.209400 ( -0.104738 0.000000 0.000000 ))
(24.225100 ( -0.104385 0.000000 0.000000 ))
(24.240800 ( -0.104033 0.000000 0.000000 ))
(24.256500 ( -0.103601 0.000000 0.000000 ))
(24.272200 ( -0.103169 0.000000 0.000000 ))
(24.287900 ( -0.102661 0.000000 0.000000 ))
(24.303600 ( -0.102153 0.000000 0.000000 ))
(24.319300 ( -0.101562 0.000000 0.000000 ))
(24.335000 ( -0.100971 0.000000 0.000000 ))
(24.350700 ( -0.100307 0.000000 0.000000 ))
(24.366400 ( -0.099643 0.000000 0.000000 ))
(24.382100 ( -0.098895 0.000000 0.000000 ))
(24.397800 ( -0.098148 0.000000 0.000000 ))
(24.413500 ( -0.097334 0.000000 0.000000 ))
(24.429200 ( -0.096520 0.000000 0.000000 ))
(24.444900 ( -0.095622 0.000000 0.000000 ))
(24.460600 ( -0.094724 0.000000 0.000000 ))
(24.476300 ( -0.093756 0.000000 0.000000 ))
(24.492000 ( -0.092788 0.000000 0.000000 ))
(24.507700 ( -0.091748 0.000000 0.000000 ))
(24.523400 ( -0.090708 0.000000 0.000000 ))
(24.539100 ( -0.089595 0.000000 0.000000 ))
(24.554800 ( -0.088482 0.000000 0.000000 ))
(24.570500 ( -0.087308 0.000000 0.000000 ))
(24.586200 ( -0.086134 0.000000 0.000000 ))
(24.601900 ( -0.084884 0.000000 0.000000 ))
(24.617600 ( -0.083634 0.000000 0.000000 ))
(24.633300 ( -0.082330 0.000000 0.000000 ))
(24.649000 ( -0.081026 0.000000 0.000000 ))
(24.664700 ( -0.079651 0.000000 0.000000 ))
(24.680400 ( -0.078276 0.000000 0.000000 ))
(24.696100 ( -0.076847 0.000000 0.000000 ))
(24.711800 ( -0.075419 0.000000 0.000000 ))
(24.727500 ( -0.073929 0.000000 0.000000 ))
(24.743200 ( -0.072439 0.000000 0.000000 ))
(24.758900 ( -0.070892 0.000000 0.000000 ))
(24.774600 ( -0.069345 0.000000 0.000000 ))
(24.790300 ( -0.067752 0.000000 0.000000 ))
(24.806000 ( -0.066159 0.000000 0.000000 ))
(24.821700 ( -0.064508 0.000000 0.000000 ))
(24.837400 ( -0.062857 0.000000 0.000000 ))
(24.853100 ( -0.061168 0.000000 0.000000 ))
(24.868800 ( -0.059479 0.000000 0.000000 ))
(24.884500 ( -0.057737 0.000000 0.000000 ))
(24.900200 ( -0.055994 0.000000 0.000000 ))
(24.915900 ( -0.054219 0.000000 0.000000 ))
(24.931600 ( -0.052443 0.000000 0.000000 ))
(24.947300 ( -0.050624 0.000000 0.000000 ))
(24.963000 ( -0.048805 0.000000 0.000000 ))
(24.978700 ( -0.046951 0.000000 0.000000 ))
(24.994400 ( -0.045097 0.000000 0.000000 ))
(25.010100 ( -0.043214 0.000000 0.000000 ))
(25.025800 ( -0.041332 0.000000 0.000000 ))
(25.041500 ( -0.039413 0.000000 0.000000 ))
(25.057200 ( -0.037495 0.000000 0.000000 ))
(25.072900 ( -0.035561 0.000000 0.000000 ))
(25.088600 ( -0.033628 0.000000 0.000000 ))
(25.104300 ( -0.031660 0.000000 0.000000 ))
(25.120000 ( -0.029692 0.000000 0.000000 ))
(25.135700 ( -0.027715 0.000000 0.000000 ))
(25.151400 ( -0.025739 0.000000 0.000000 ))
(25.167100 ( -0.023739 0.000000 0.000000 ))
(25.182800 ( -0.021739 0.000000 0.000000 ))
(25.198500 ( -0.019730 0.000000 0.000000 ))
(25.214200 ( -0.017720 0.000000 0.000000 ))
(25.229900 ( -0.015703 0.000000 0.000000 ))
(25.245600 ( -0.013687 0.000000 0.000000 ))
(25.261300 ( -0.011658 0.000000 0.000000 ))
(25.277000 ( -0.009628 0.000000 0.000000 ))
(25.292700 ( -0.007607 0.000000 0.000000 ))
(25.308400 ( -0.005586 0.000000 0.000000 ))
(25.324100 ( -0.003551 0.000000 0.000000 ))
(25.339800 ( -0.001516 0.000000 0.000000 ))
(25.355500 ( 0.000499 0.000000 0.000000 ))
(25.371200 ( 0.002514 0.000000 0.000000 ))
(25.386900 ( 0.004534 0.000000 0.000000 ))
(25.402600 ( 0.006554 0.000000 0.000000 ))
(25.418300 ( 0.008558 0.000000 0.000000 ))
(25.434000 ( 0.010562 0.000000 0.000000 ))
(25.449700 ( 0.012551 0.000000 0.000000 ))
(25.465400 ( 0.014539 0.000000 0.000000 ))
(25.481100 ( 0.016515 0.000000 0.000000 ))
(25.496800 ( 0.018492 0.000000 0.000000 ))
(25.512500 ( 0.020439 0.000000 0.000000 ))
(25.528200 ( 0.022386 0.000000 0.000000 ))
(25.543900 ( 0.024323 0.000000 0.000000 ))
(25.559600 ( 0.026260 0.000000 0.000000 ))
(25.575300 ( 0.028157 0.000000 0.000000 ))
(25.591000 ( 0.030053 0.000000 0.000000 ))
(25.606700 ( 0.031934 0.000000 0.000000 ))
(25.622400 ( 0.033815 0.000000 0.000000 ))
(25.638100 ( 0.035654 0.000000 0.000000 ))
(25.653800 ( 0.037493 0.000000 0.000000 ))
(25.669500 ( 0.039300 0.000000 0.000000 ))
(25.685200 ( 0.041106 0.000000 0.000000 ))
(25.700900 ( 0.042878 0.000000 0.000000 ))
(25.716600 ( 0.044650 0.000000 0.000000 ))
(25.732300 ( 0.046371 0.000000 0.000000 ))
(25.748000 ( 0.048092 0.000000 0.000000 ))
(25.763700 ( 0.049782 0.000000 0.000000 ))
(25.779400 ( 0.051472 0.000000 0.000000 ))
(25.795100 ( 0.053104 0.000000 0.000000 ))
(25.810800 ( 0.054737 0.000000 0.000000 ))
(25.826500 ( 0.056337 0.000000 0.000000 ))
(25.842200 ( 0.057936 0.000000 0.000000 ))
(25.857900 ( 0.059470 0.000000 0.000000 ))
(25.873600 ( 0.061004 0.000000 0.000000 ))
(25.889300 ( 0.062496 0.000000 0.000000 ))
(25.905000 ( 0.063988 0.000000 0.000000 ))
(25.920700 ( 0.065426 0.000000 0.000000 ))
(25.936400 ( 0.066865 0.000000 0.000000 ))
(25.952100 ( 0.068236 0.000000 0.000000 ))
(25.967800 ( 0.069607 0.000000 0.000000 ))
(25.983500 ( 0.070930 0.000000 0.000000 ))
(25.999200 ( 0.072253 0.000000 0.000000 ))
(26.014900 ( 0.073504 0.000000 0.000000 ))
(26.030600 ( 0.074755 0.000000 0.000000 ))
(26.046300 ( 0.075959 0.000000 0.000000 ))
(26.062000 ( 0.077163 0.000000 0.000000 ))
(26.077700 ( 0.078292 0.000000 0.000000 ))
(26.093400 ( 0.079422 0.000000 0.000000 ))
(26.109100 ( 0.080497 0.000000 0.000000 ))
(26.124800 ( 0.081571 0.000000 0.000000 ))
(26.140500 ( 0.082576 0.000000 0.000000 ))
(26.156200 ( 0.083581 0.000000 0.000000 ))
(26.171900 ( 0.084515 0.000000 0.000000 ))
(26.187600 ( 0.085450 0.000000 0.000000 ))
(26.203300 ( 0.086327 0.000000 0.000000 ))
(26.219000 ( 0.087203 0.000000 0.000000 ))
(26.234700 ( 0.087996 0.000000 0.000000 ))
(26.250400 ( 0.088789 0.000000 0.000000 ))
(26.266100 ( 0.089525 0.000000 0.000000 ))
(26.281800 ( 0.090262 0.000000 0.000000 ))
(26.297500 ( 0.090921 0.000000 0.000000 ))
(26.313200 ( 0.091580 0.000000 0.000000 ))
(26.328900 ( 0.092178 0.000000 0.000000 ))
(26.344600 ( 0.092777 0.000000 0.000000 ))
(26.360300 ( 0.093296 0.000000 0.000000 ))
(26.376000 ( 0.093815 0.000000 0.000000 ))
(26.391700 ( 0.094267 0.000000 0.000000 ))
(26.407400 ( 0.094720 0.000000 0.000000 ))
(26.423100 ( 0.095110 0.000000 0.000000 ))
(26.438800 ( 0.095500 0.000000 0.000000 ))
(26.454500 ( 0.095802 0.000000 0.000000 ))
(26.470200 ( 0.096105 0.000000 0.000000 ))
(26.485900 ( 0.096350 0.000000 0.000000 ))
(26.501600 ( 0.096596 0.000000 0.000000 ))
(26.517300 ( 0.096761 0.000000 0.000000 ))
(26.533000 ( 0.096926 0.000000 0.000000 ))
(26.548700 ( 0.097030 0.000000 0.000000 ))
(26.564400 ( 0.097134 0.000000 0.000000 ))
(26.580100 ( 0.097168 0.000000 0.000000 ))
(26.595800 ( 0.097202 0.000000 0.000000 ))
(26.611500 ( 0.097168 0.000000 0.000000 ))
(26.627200 ( 0.097134 0.000000 0.000000 ))
(26.642900 ( 0.097036 0.000000 0.000000 ))
(26.658600 ( 0.096939 0.000000 0.000000 ))
(26.674300 ( 0.096766 0.000000 0.000000 ))
(26.690000 ( 0.096593 0.000000 0.000000 ))
(26.705700 ( 0.096366 0.000000 0.000000 ))
(26.721400 ( 0.096140 0.000000 0.000000 ))
(26.737100 ( 0.095836 0.000000 0.000000 ))
(26.752800 ( 0.095532 0.000000 0.000000 ))
(26.768500 ( 0.095172 0.000000 0.000000 ))
(26.784200 ( 0.094812 0.000000 0.000000 ))
(26.799900 ( 0.094391 0.000000 0.000000 ))
(26.815600 ( 0.093970 0.000000 0.000000 ))
(26.831300 ( 0.093489 0.000000 0.000000 ))
(26.847000 ( 0.093007 0.000000 0.000000 ))
(26.862700 ( 0.092469 0.000000 0.000000 ))
(26.878400 ( 0.091931 0.000000 0.000000 ))
(26.894100 ( 0.091331 0.000000 0.000000 ))
(26.909800 ( 0.090731 0.000000 0.000000 ))
(26.925500 ( 0.090088 0.000000 0.000000 ))
(26.941200 ( 0.089445 0.000000 0.000000 ))
(26.956900 ( 0.088733 0.000000 0.000000 ))
(26.972600 ( 0.088021 0.000000 0.000000 ))
(26.988300 ( 0.087266 0.000000 0.000000 ))
(27.004000 ( 0.086511 0.000000 0.000000 ))
(27.019700 ( 0.085703 0.000000 0.000000 ))
(27.035400 ( 0.084895 0.000000 0.000000 ))
(27.051100 ( 0.084038 0.000000 0.000000 ))
(27.066800 ( 0.083181 0.000000 0.000000 ))
(27.082500 ( 0.082286 0.000000 0.000000 ))
(27.098200 ( 0.081392 0.000000 0.000000 ))
(27.113900 ( 0.080443 0.000000 0.000000 ))
(27.129600 ( 0.079495 0.000000 0.000000 ))
(27.145300 ( 0.078516 0.000000 0.000000 ))
(27.161000 ( 0.077538 0.000000 0.000000 ))
(27.176700 ( 0.076508 0.000000 0.000000 ))
(27.192400 ( 0.075479 0.000000 0.000000 ))
(27.208100 ( 0.074421 0.000000 0.000000 ))
(27.223800 ( 0.073363 0.000000 0.000000 ))
(27.239500 ( 0.072264 0.000000 0.000000 ))
(27.255200 ( 0.071166 0.000000 0.000000 ))
(27.270900 ( 0.070033 0.000000 0.000000 ))
(27.286600 ( 0.068899 0.000000 0.000000 ))
(27.302300 ( 0.067744 0.000000 0.000000 ))
(27.318000 ( 0.066589 0.000000 0.000000 ))
(27.333700 ( 0.065393 0.000000 0.000000 ))
(27.349400 ( 0.064198 0.000000 0.000000 ))
(27.365100 ( 0.062990 0.000000 0.000000 ))
(27.380800 ( 0.061783 0.000000 0.000000 ))
(27.396500 ( 0.060538 0.000000 0.000000 ))
(27.412200 ( 0.059292 0.000000 0.000000 ))
(27.427900 ( 0.058037 0.000000 0.000000 ))
(27.443600 ( 0.056781 0.000000 0.000000 ))
(27.459300 ( 0.055499 0.000000 0.000000 ))
(27.475000 ( 0.054217 0.000000 0.000000 ))
(27.490700 ( 0.052918 0.000000 0.000000 ))
(27.506400 ( 0.051619 0.000000 0.000000 ))
(27.522100 ( 0.050310 0.000000 0.000000 ))
(27.537800 ( 0.049001 0.000000 0.000000 ))
(27.553500 ( 0.047669 0.000000 0.000000 ))
(27.569200 ( 0.046336 0.000000 0.000000 ))
(27.584900 ( 0.045008 0.000000 0.000000 ))
(27.600600 ( 0.043680 0.000000 0.000000 ))
(27.616300 ( 0.042327 0.000000 0.000000 ))
(27.632000 ( 0.040974 0.000000 0.000000 ))
(27.647700 ( 0.039629 0.000000 0.000000 ))
(27.663400 ( 0.038284 0.000000 0.000000 ))
(27.679100 ( 0.036925 0.000000 0.000000 ))
(27.694800 ( 0.035566 0.000000 0.000000 ))
(27.710500 ( 0.034206 0.000000 0.000000 ))
(27.726200 ( 0.032846 0.000000 0.000000 ))
(27.741900 ( 0.031491 0.000000 0.000000 ))
(27.757600 ( 0.030137 0.000000 0.000000 ))
(27.773300 ( 0.028773 0.000000 0.000000 ))
(27.789000 ( 0.027410 0.000000 0.000000 ))
(27.804700 ( 0.026061 0.000000 0.000000 ))
(27.820400 ( 0.024712 0.000000 0.000000 ))
(27.836100 ( 0.023352 0.000000 0.000000 ))
(27.851800 ( 0.021991 0.000000 0.000000 ))
(27.867500 ( 0.020657 0.000000 0.000000 ))
(27.883200 ( 0.019322 0.000000 0.000000 ))
(27.898900 ( 0.017980 0.000000 0.000000 ))
(27.914600 ( 0.016637 0.000000 0.000000 ))
(27.930300 ( 0.015311 0.000000 0.000000 ))
(27.946000 ( 0.013984 0.000000 0.000000 ))
(27.961700 ( 0.012672 0.000000 0.000000 ))
(27.977400 ( 0.011361 0.000000 0.000000 ))
(27.993100 ( 0.010055 0.000000 0.000000 ))
(28.008800 ( 0.008749 0.000000 0.000000 ))
(28.024500 ( 0.007468 0.000000 0.000000 ))
(28.040200 ( 0.006187 0.000000 0.000000 ))
(28.055900 ( 0.004906 0.000000 0.000000 ))
(28.071600 ( 0.003626 0.000000 0.000000 ))
(28.087300 ( 0.002376 0.000000 0.000000 ))
(28.103000 ( 0.001127 0.000000 0.000000 ))
(28.118700 ( -0.000120 0.000000 0.000000 ))
(28.134400 ( -0.001368 0.000000 0.000000 ))
(28.150100 ( -0.002584 0.000000 0.000000 ))
(28.165800 ( -0.003801 0.000000 0.000000 ))
(28.181500 ( -0.005001 0.000000 0.000000 ))
(28.197200 ( -0.006202 0.000000 0.000000 ))
(28.212900 ( -0.007387 0.000000 0.000000 ))
(28.228600 ( -0.008573 0.000000 0.000000 ))
(28.244300 ( -0.009723 0.000000 0.000000 ))
(28.260000 ( -0.010873 0.000000 0.000000 ))
(28.275700 ( -0.012014 0.000000 0.000000 ))
(28.291400 ( -0.013155 0.000000 0.000000 ))
(28.307100 ( -0.014262 0.000000 0.000000 ))
(28.322800 ( -0.015369 0.000000 0.000000 ))
(28.338500 ( -0.016469 0.000000 0.000000 ))
(28.354200 ( -0.017568 0.000000 0.000000 ))
(28.369900 ( -0.018625 0.000000 0.000000 ))
(28.385600 ( -0.019683 0.000000 0.000000 ))
(28.401300 ( -0.020728 0.000000 0.000000 ))
(28.417000 ( -0.021774 0.000000 0.000000 ))
(28.432700 ( -0.022796 0.000000 0.000000 ))
(28.448400 ( -0.023817 0.000000 0.000000 ))
(28.464100 ( -0.024801 0.000000 0.000000 ))
(28.479800 ( -0.025784 0.000000 0.000000 ))
(28.495500 ( -0.026754 0.000000 0.000000 ))
(28.511200 ( -0.027723 0.000000 0.000000 ))
(28.526900 ( -0.028654 0.000000 0.000000 ))
(28.542600 ( -0.029585 0.000000 0.000000 ))
(28.558300 ( -0.030505 0.000000 0.000000 ))
(28.574000 ( -0.031424 0.000000 0.000000 ))
(28.589700 ( -0.032307 0.000000 0.000000 ))
(28.605400 ( -0.033190 0.000000 0.000000 ))
(28.621100 ( -0.034057 0.000000 0.000000 ))
(28.636800 ( -0.034924 0.000000 0.000000 ))
(28.652500 ( -0.035759 0.000000 0.000000 ))
(28.668200 ( -0.036595 0.000000 0.000000 ))
(28.683900 ( -0.037401 0.000000 0.000000 ))
(28.699600 ( -0.038207 0.000000 0.000000 ))
(28.715300 ( -0.038998 0.000000 0.000000 ))
(28.731000 ( -0.039789 0.000000 0.000000 ))
(28.746700 ( -0.040538 0.000000 0.000000 ))
(28.762400 ( -0.041286 0.000000 0.000000 ))
(28.778100 ( -0.042021 0.000000 0.000000 ))
(28.793800 ( -0.042757 0.000000 0.000000 ))
(28.809500 ( -0.043461 0.000000 0.000000 ))
(28.825200 ( -0.044165 0.000000 0.000000 ))
(28.840900 ( -0.044853 0.000000 0.000000 ))
(28.856600 ( -0.045541 0.000000 0.000000 ))
(28.872300 ( -0.046195 0.000000 0.000000 ))
(28.888000 ( -0.046849 0.000000 0.000000 ))
(28.903700 ( -0.047483 0.000000 0.000000 ))
(28.919400 ( -0.048118 0.000000 0.000000 ))
(28.935100 ( -0.048737 0.000000 0.000000 ))
(28.950800 ( -0.049356 0.000000 0.000000 ))
(28.966500 ( -0.049933 0.000000 0.000000 ))
(28.982200 ( -0.050511 0.000000 0.000000 ))
(28.997900 ( -0.051079 0.000000 0.000000 ))
(29.013600 ( -0.051646 0.000000 0.000000 ))
(29.029300 ( -0.052181 0.000000 0.000000 ))
(29.045000 ( -0.052715 0.000000 0.000000 ))
(29.060700 ( -0.053236 0.000000 0.000000 ))
(29.076400 ( -0.053757 0.000000 0.000000 ))
(29.092100 ( -0.054254 0.000000 0.000000 ))
(29.107800 ( -0.054752 0.000000 0.000000 ))
(29.123500 ( -0.055229 0.000000 0.000000 ))
(29.139200 ( -0.055706 0.000000 0.000000 ))
(29.154900 ( -0.056165 0.000000 0.000000 ))
(29.170600 ( -0.056625 0.000000 0.000000 ))
(29.186300 ( -0.057055 0.000000 0.000000 ))
(29.202000 ( -0.057484 0.000000 0.000000 ))
(29.217700 ( -0.057907 0.000000 0.000000 ))
(29.233400 ( -0.058330 0.000000 0.000000 ))
(29.249100 ( -0.058719 0.000000 0.000000 ))
(29.264800 ( -0.059107 0.000000 0.000000 ))
(29.280500 ( -0.059485 0.000000 0.000000 ))
(29.296200 ( -0.059862 0.000000 0.000000 ))
(29.311900 ( -0.060220 0.000000 0.000000 ))
(29.327600 ( -0.060578 0.000000 0.000000 ))
(29.343300 ( -0.060919 0.000000 0.000000 ))
(29.359000 ( -0.061259 0.000000 0.000000 ))
(29.374700 ( -0.061582 0.000000 0.000000 ))
(29.390400 ( -0.061906 0.000000 0.000000 ))
(29.406100 ( -0.062207 0.000000 0.000000 ))
(29.421800 ( -0.062509 0.000000 0.000000 ))
(29.437500 ( -0.062805 0.000000 0.000000 ))
(29.453200 ( -0.063101 0.000000 0.000000 ))
(29.468900 ( -0.063364 0.000000 0.000000 ))
(29.484600 ( -0.063627 0.000000 0.000000 ))
(29.500300 ( -0.063883 0.000000 0.000000 ))
(29.516000 ( -0.064139 0.000000 0.000000 ))
(29.531700 ( -0.064374 0.000000 0.000000 ))
(29.547400 ( -0.064608 0.000000 0.000000 ))
(29.563100 ( -0.064827 0.000000 0.000000 ))
(29.578800 ( -0.065046 0.000000 0.000000 ))
(29.594500 ( -0.065254 0.000000 0.000000 ))
(29.610200 ( -0.065463 0.000000 0.000000 ))
(29.625900 ( -0.065648 0.000000 0.000000 ))
(29.641600 ( -0.065832 0.000000 0.000000 ))
(29.657300 ( -0.066011 0.000000 0.000000 ))
(29.673000 ( -0.066190 0.000000 0.000000 ))
(29.688700 ( -0.066340 0.000000 0.000000 ))
(29.704400 ( -0.066490 0.000000 0.000000 ))
(29.720100 ( -0.066634 0.000000 0.000000 ))
(29.735800 ( -0.066778 0.000000 0.000000 ))
(29.751500 ( -0.066899 0.000000 0.000000 ))
(29.767200 ( -0.067019 0.000000 0.000000 ))
(29.782900 ( -0.067124 0.000000 0.000000 ))
(29.798600 ( -0.067229 0.000000 0.000000 ))
(29.814300 ( -0.067323 0.000000 0.000000 ))
(29.830000 ( -0.067417 0.000000 0.000000 ))
(29.845700 ( -0.067485 0.000000 0.000000 ))
(29.861400 ( -0.067552 0.000000 0.000000 ))
(29.877100 ( -0.067616 0.000000 0.000000 ))
(29.892800 ( -0.067679 0.000000 0.000000 ))
(29.908500 ( -0.067712 0.000000 0.000000 ))
(29.924200 ( -0.067745 0.000000 0.000000 ))
(29.939900 ( -0.067771 0.000000 0.000000 ))
(29.955600 ( -0.067798 0.000000 0.000000 ))
(29.971300 ( 0.000000 0.000000 0.000000 ))
)
