907
(
(0.000000 ( -0.033268 0.000000 0.000000 ))
(0.017652 ( -0.032382 0.000000 0.000000 ))
(0.035304 ( -0.031497 0.000000 0.000000 ))
(0.052956 ( -0.030316 0.000000 0.000000 ))
(0.070608 ( -0.029136 0.000000 0.000000 ))
(0.088260 ( -0.027676 0.000000 0.000000 ))
(0.105912 ( -0.026216 0.000000 0.000000 ))
(0.123564 ( -0.024497 0.000000 0.000000 ))
(0.141216 ( -0.022778 0.000000 0.000000 ))
(0.158868 ( -0.020827 0.000000 0.000000 ))
(0.176520 ( -0.018875 0.000000 0.000000 ))
(0.194172 ( -0.016722 0.000000 0.000000 ))
(0.211824 ( -0.014568 0.000000 0.000000 ))
(0.229476 ( -0.012247 0.000000 0.000000 ))
(0.247128 ( -0.009926 0.000000 0.000000 ))
(0.264780 ( -0.007476 0.000000 0.000000 ))
(0.282432 ( -0.005025 0.000000 0.000000 ))
(0.300084 ( -0.002483 0.000000 0.000000 ))
(0.317736 ( 0.000060 0.000000 0.000000 ))
(0.335388 ( 0.002653 0.000000 0.000000 ))
(0.353040 ( 0.005246 0.000000 0.000000 ))
(0.370692 ( 0.007849 0.000000 0.000000 ))
(0.388344 ( 0.010451 0.000000 0.000000 ))
(0.405996 ( 0.013019 0.000000 0.000000 ))
(0.423648 ( 0.015587 0.000000 0.000000 ))
(0.441300 ( 0.018078 0.000000 0.000000 ))
(0.458952 ( 0.020569 0.000000 0.000000 ))
(0.476604 ( 0.022943 0.000000 0.000000 ))
(0.494256 ( 0.025316 0.000000 0.000000 ))
(0.511908 ( 0.027532 0.000000 0.000000 ))
(0.529560 ( 0.029747 0.000000 0.000000 ))
(0.547212 ( 0.031770 0.000000 0.000000 ))
(0.564864 ( 0.033793 0.000000 0.000000 ))
(0.582516 ( 0.035590 0.000000 0.000000 ))
(0.600168 ( 0.037388 0.000000 0.000000 ))
(0.617820 ( 0.038933 0.000000 0.000000 ))
(0.635472 ( 0.040478 0.000000 0.000000 ))
(0.653124 ( 0.041744 0.000000 0.000000 ))
(0.670776 ( 0.043011 0.000000 0.000000 ))
(0.688428 ( 0.043980 0.000000 0.000000 ))
(0.706080 ( 0.044949 0.000000 0.000000 ))
(0.723732 ( 0.045606 0.000000 0.000000 ))
(0.741384 ( 0.046262 0.000000 0.000000 ))
(0.759036 ( 0.046595 0.000000 0.000000 ))
(0.776688 ( 0.046929 0.000000 0.000000 ))
(0.794340 ( 0.046933 0.000000 0.000000 ))
(0.811992 ( 0.046937 0.000000 0.000000 ))
(0.829644 ( 0.046612 0.000000 0.000000 ))
(0.847296 ( 0.046286 0.000000 0.000000 ))
(0.864948 ( 0.045634 0.000000 0.000000 ))
(0.882600 ( 0.044981 0.000000 0.000000 ))
(0.900252 ( 0.044012 0.000000 0.000000 ))
(0.917904 ( 0.043043 0.000000 0.000000 ))
(0.935556 ( 0.041770 0.000000 0.000000 ))
(0.953208 ( 0.040497 0.000000 0.000000 ))
(0.970860 ( 0.038937 0.000000 0.000000 ))
(0.988512 ( 0.037377 0.000000 0.000000 ))
(1.006164 ( 0.035549 0.000000 0.000000 ))
(1.023816 ( 0.033721 0.000000 0.000000 ))
(1.041468 ( 0.031645 0.000000 0.000000 ))
(1.059120 ( 0.029570 0.000000 0.000000 ))
(1.076772 ( 0.027271 0.000000 0.000000 ))
(1.094424 ( 0.024972 0.000000 0.000000 ))
(1.112076 ( 0.022475 0.000000 0.000000 ))
(1.129728 ( 0.019978 0.000000 0.000000 ))
(1.147380 ( 0.017309 0.000000 0.000000 ))
(1.165032 ( 0.014640 0.000000 0.000000 ))
(1.182684 ( 0.011828 0.000000 0.000000 ))
(1.200336 ( 0.009015 0.000000 0.000000 ))
(1.217988 ( 0.006090 0.000000 0.000000 ))
(1.235640 ( 0.003165 0.000000 0.000000 ))
(1.253292 ( 0.000157 0.000000 0.000000 ))
(1.270944 ( -0.002851 0.000000 0.000000 ))
(1.288596 ( -0.005910 0.000000 0.000000 ))
(1.306248 ( -0.008969 0.000000 0.000000 ))
(1.323900 ( -0.012049 0.000000 0.000000 ))
(1.341552 ( -0.015130 0.000000 0.000000 ))
(1.359204 ( -0.018200 0.000000 0.000000 ))
(1.376856 ( -0.021271 0.000000 0.000000 ))
(1.394508 ( -0.024299 0.000000 0.000000 ))
(1.412160 ( -0.027327 0.000000 0.000000 ))
(1.429812 ( -0.030280 0.000000 0.000000 ))
(1.447464 ( -0.033234 0.000000 0.000000 ))
(1.465116 ( -0.036081 0.000000 0.000000 ))
(1.482768 ( -0.038929 0.000000 0.000000 ))
(1.500420 ( -0.041636 0.000000 0.000000 ))
(1.518072 ( -0.044343 0.000000 0.000000 ))
(1.535724 ( -0.046876 0.000000 0.000000 ))
(1.553376 ( -0.049409 0.000000 0.000000 ))
(1.571028 ( -0.051734 0.000000 0.000000 ))
(1.588680 ( -0.054059 0.000000 0.000000 ))
(1.606332 ( -0.056145 0.000000 0.000000 ))
(1.623984 ( -0.058230 0.000000 0.000000 ))
(1.641636 ( -0.060040 0.000000 0.000000 ))
(1.659288 ( -0.061850 0.000000 0.000000 ))
(1.676940 ( -0.063352 0.000000 0.000000 ))
(1.694592 ( -0.064854 0.000000 0.000000 ))
(1.712244 ( -0.066014 0.000000 0.000000 ))
(1.729896 ( -0.067174 0.000000 0.000000 ))
(1.747548 ( -0.067961 0.000000 0.000000 ))
(1.765200 ( -0.068748 0.000000 0.000000 ))
(1.782852 ( -0.069131 0.000000 0.000000 ))
(1.800504 ( -0.069513 0.000000 0.000000 ))
(1.818156 ( -0.069463 0.000000 0.000000 ))
(1.835808 ( -0.069413 0.000000 0.000000 ))
(1.853460 ( -0.068905 0.000000 0.000000 ))
(1.871112 ( -0.068397 0.000000 0.000000 ))
(1.888764 ( -0.067409 0.000000 0.000000 ))
(1.906416 ( -0.066422 0.000000 0.000000 ))
(1.924068 ( -0.064939 0.000000 0.000000 ))
(1.941720 ( -0.063456 0.000000 0.000000 ))
(1.959372 ( -0.061468 0.000000 0.000000 ))
(1.977024 ( -0.059480 0.000000 0.000000 ))
(1.994676 ( -0.056983 0.000000 0.000000 ))
(2.012328 ( -0.054485 0.000000 0.000000 ))
(2.029980 ( -0.051481 0.000000 0.000000 ))
(2.047632 ( -0.048476 0.000000 0.000000 ))
(2.065284 ( -0.044978 0.000000 0.000000 ))
(2.082936 ( -0.041479 0.000000 0.000000 ))
(2.100588 ( -0.037505 0.000000 0.000000 ))
(2.118240 ( -0.033531 0.000000 0.000000 ))
(2.135892 ( -0.029111 0.000000 0.000000 ))
(2.153544 ( -0.024690 0.000000 0.000000 ))
(2.171196 ( -0.019864 0.000000 0.000000 ))
(2.188848 ( -0.015037 0.000000 0.000000 ))
(2.206500 ( -0.009855 0.000000 0.000000 ))
(2.224152 ( -0.004672 0.000000 0.000000 ))
(2.241804 ( 0.000807 0.000000 0.000000 ))
(2.259456 ( 0.006285 0.000000 0.000000 ))
(2.277108 ( 0.011989 0.000000 0.000000 ))
(2.294760 ( 0.017693 0.000000 0.000000 ))
(2.312412 ( 0.023543 0.000000 0.000000 ))
(2.330064 ( 0.029393 0.000000 0.000000 ))
(2.347716 ( 0.035303 0.000000 0.000000 ))
(2.365368 ( 0.041212 0.000000 0.000000 ))
(2.383020 ( 0.047087 0.000000 0.000000 ))
(2.400672 ( 0.052962 0.000000 0.000000 ))
(2.418324 ( 0.058702 0.000000 0.000000 ))
(2.435976 ( 0.064442 0.000000 0.000000 ))
(2.453628 ( 0.069943 0.000000 0.000000 ))
(2.471280 ( 0.075444 0.000000 0.000000 ))
(2.488932 ( 0.080600 0.000000 0.000000 ))
(2.506584 ( 0.085756 0.000000 0.000000 ))
(2.524236 ( 0.090458 0.000000 0.000000 ))
(2.541888 ( 0.095160 0.000000 0.000000 ))
(2.559540 ( 0.099302 0.000000 0.000000 ))
(2.577192 ( 0.103445 0.000000 0.000000 ))
(2.594844 ( 0.106927 0.000000 0.000000 ))
(2.612496 ( 0.110409 0.000000 0.000000 ))
(2.630148 ( 0.113136 0.000000 0.000000 ))
(2.647800 ( 0.115864 0.000000 0.000000 ))
(2.665452 ( 0.117751 0.000000 0.000000 ))
(2.683104 ( 0.119639 0.000000 0.000000 ))
(2.700756 ( 0.120612 0.000000 0.000000 ))
(2.718408 ( 0.121586 0.000000 0.000000 ))
(2.736060 ( 0.121586 0.000000 0.000000 ))
(2.753712 ( 0.121586 0.000000 0.000000 ))
(2.771364 ( 0.120569 0.000000 0.000000 ))
(2.789016 ( 0.119553 0.000000 0.000000 ))
(2.806668 ( 0.117491 0.000000 0.000000 ))
(2.824320 ( 0.115430 0.000000 0.000000 ))
(2.841972 ( 0.112317 0.000000 0.000000 ))
(2.859624 ( 0.109203 0.000000 0.000000 ))
(2.877276 ( 0.105050 0.000000 0.000000 ))
(2.894928 ( 0.100896 0.000000 0.000000 ))
(2.912580 ( 0.095736 0.000000 0.000000 ))
(2.930232 ( 0.090575 0.000000 0.000000 ))
(2.947884 ( 0.084461 0.000000 0.000000 ))
(2.965536 ( 0.078348 0.000000 0.000000 ))
(2.983188 ( 0.071356 0.000000 0.000000 ))
(3.000840 ( 0.064364 0.000000 0.000000 ))
(3.018492 ( 0.056590 0.000000 0.000000 ))
(3.036144 ( 0.048815 0.000000 0.000000 ))
(3.053796 ( 0.040373 0.000000 0.000000 ))
(3.071448 ( 0.031930 0.000000 0.000000 ))
(3.089100 ( 0.022949 0.000000 0.000000 ))
(3.106752 ( 0.013968 0.000000 0.000000 ))
(3.124404 ( 0.004596 0.000000 0.000000 ))
(3.142056 ( -0.004777 0.000000 0.000000 ))
(3.159708 ( -0.014382 0.000000 0.000000 ))
(3.177360 ( -0.023987 0.000000 0.000000 ))
(3.195012 ( -0.033655 0.000000 0.000000 ))
(3.212664 ( -0.043323 0.000000 0.000000 ))
(3.230316 ( -0.052878 0.000000 0.000000 ))
(3.247968 ( -0.062433 0.000000 0.000000 ))
(3.265620 ( -0.071697 0.000000 0.000000 ))
(3.283272 ( -0.080960 0.000000 0.000000 ))
(3.300924 ( -0.089752 0.000000 0.000000 ))
(3.318576 ( -0.098544 0.000000 0.000000 ))
(3.336228 ( -0.106692 0.000000 0.000000 ))
(3.353880 ( -0.114840 0.000000 0.000000 ))
(3.371532 ( -0.122177 0.000000 0.000000 ))
(3.389184 ( -0.129514 0.000000 0.000000 ))
(3.406836 ( -0.135886 0.000000 0.000000 ))
(3.424488 ( -0.142257 0.000000 0.000000 ))
(3.442140 ( -0.147523 0.000000 0.000000 ))
(3.459792 ( -0.152788 0.000000 0.000000 ))
(3.477444 ( -0.156827 0.000000 0.000000 ))
(3.495096 ( -0.160866 0.000000 0.000000 ))
(3.512748 ( -0.163577 0.000000 0.000000 ))
(3.530400 ( -0.166289 0.000000 0.000000 ))
(3.548052 ( -0.167596 0.000000 0.000000 ))
(3.565704 ( -0.168903 0.000000 0.000000 ))
(3.583356 ( -0.168755 0.000000 0.000000 ))
(3.601008 ( -0.168607 0.000000 0.000000 ))
(3.618660 ( -0.166980 0.000000 0.000000 ))
(3.636312 ( -0.165353 0.000000 0.000000 ))
(3.653964 ( -0.162252 0.000000 0.000000 ))
(3.671616 ( -0.159151 0.000000 0.000000 ))
(3.689268 ( -0.154610 0.000000 0.000000 ))
(3.706920 ( -0.150070 0.000000 0.000000 ))
(3.724572 ( -0.144152 0.000000 0.000000 ))
(3.742224 ( -0.138235 0.000000 0.000000 ))
(3.759876 ( -0.131031 0.000000 0.000000 ))
(3.777528 ( -0.123827 0.000000 0.000000 ))
(3.795180 ( -0.115453 0.000000 0.000000 ))
(3.812832 ( -0.107078 0.000000 0.000000 ))
(3.830484 ( -0.097673 0.000000 0.000000 ))
(3.848136 ( -0.088269 0.000000 0.000000 ))
(3.865788 ( -0.077995 0.000000 0.000000 ))
(3.883440 ( -0.067721 0.000000 0.000000 ))
(3.901092 ( -0.056759 0.000000 0.000000 ))
(3.918744 ( -0.045796 0.000000 0.000000 ))
(3.936396 ( -0.034339 0.000000 0.000000 ))
(3.954048 ( -0.022883 0.000000 0.000000 ))
(3.971700 ( -0.011140 0.000000 0.000000 ))
(3.989352 ( 0.000603 0.000000 0.000000 ))
(4.007004 ( 0.012418 0.000000 0.000000 ))
(4.024656 ( 0.024233 0.000000 0.000000 ))
(4.042308 ( 0.035903 0.000000 0.000000 ))
(4.059960 ( 0.047573 0.000000 0.000000 ))
(4.077612 ( 0.058884 0.000000 0.000000 ))
(4.095264 ( 0.070194 0.000000 0.000000 ))
(4.112916 ( 0.080936 0.000000 0.000000 ))
(4.130568 ( 0.091678 0.000000 0.000000 ))
(4.148220 ( 0.101652 0.000000 0.000000 ))
(4.165872 ( 0.111627 0.000000 0.000000 ))
(4.183524 ( 0.120650 0.000000 0.000000 ))
(4.201176 ( 0.129672 0.000000 0.000000 ))
(4.218828 ( 0.137577 0.000000 0.000000 ))
(4.236480 ( 0.145482 0.000000 0.000000 ))
(4.254132 ( 0.152124 0.000000 0.000000 ))
(4.271784 ( 0.158765 0.000000 0.000000 ))
(4.289436 ( 0.164022 0.000000 0.000000 ))
(4.307088 ( 0.169278 0.000000 0.000000 ))
(4.324740 ( 0.173056 0.000000 0.000000 ))
(4.342392 ( 0.176834 0.000000 0.000000 ))
(4.360044 ( 0.179067 0.000000 0.000000 ))
(4.377696 ( 0.181300 0.000000 0.000000 ))
(4.395348 ( 0.181952 0.000000 0.000000 ))
(4.413000 ( 0.182604 0.000000 0.000000 ))
(4.430652 ( 0.181670 0.000000 0.000000 ))
(4.448304 ( 0.180735 0.000000 0.000000 ))
(4.465956 ( 0.178239 0.000000 0.000000 ))
(4.483608 ( 0.175743 0.000000 0.000000 ))
(4.501260 ( 0.171739 0.000000 0.000000 ))
(4.518912 ( 0.167736 0.000000 0.000000 ))
(4.536564 ( 0.162308 0.000000 0.000000 ))
(4.554216 ( 0.156880 0.000000 0.000000 ))
(4.571868 ( 0.150137 0.000000 0.000000 ))
(4.589520 ( 0.143394 0.000000 0.000000 ))
(4.607172 ( 0.135469 0.000000 0.000000 ))
(4.624824 ( 0.127545 0.000000 0.000000 ))
(4.642476 ( 0.118592 0.000000 0.000000 ))
(4.660128 ( 0.109639 0.000000 0.000000 ))
(4.677780 ( 0.099832 0.000000 0.000000 ))
(4.695432 ( 0.090024 0.000000 0.000000 ))
(4.713084 ( 0.079549 0.000000 0.000000 ))
(4.730736 ( 0.069073 0.000000 0.000000 ))
(4.748388 ( 0.058126 0.000000 0.000000 ))
(4.766040 ( 0.047180 0.000000 0.000000 ))
(4.783692 ( 0.035965 0.000000 0.000000 ))
(4.801344 ( 0.024750 0.000000 0.000000 ))
(4.818996 ( 0.013473 0.000000 0.000000 ))
(4.836648 ( 0.002196 0.000000 0.000000 ))
(4.854300 ( -0.008940 0.000000 0.000000 ))
(4.871952 ( -0.020076 0.000000 0.000000 ))
(4.889604 ( -0.030875 0.000000 0.000000 ))
(4.907256 ( -0.041674 0.000000 0.000000 ))
(4.924908 ( -0.051949 0.000000 0.000000 ))
(4.942560 ( -0.062223 0.000000 0.000000 ))
(4.960212 ( -0.071797 0.000000 0.000000 ))
(4.977864 ( -0.081371 0.000000 0.000000 ))
(4.995516 ( -0.090087 0.000000 0.000000 ))
(5.013168 ( -0.098803 0.000000 0.000000 ))
(5.030820 ( -0.106522 0.000000 0.000000 ))
(5.048472 ( -0.114241 0.000000 0.000000 ))
(5.066124 ( -0.120847 0.000000 0.000000 ))
(5.083776 ( -0.127452 0.000000 0.000000 ))
(5.101428 ( -0.132852 0.000000 0.000000 ))
(5.119080 ( -0.138251 0.000000 0.000000 ))
(5.136732 ( -0.142377 0.000000 0.000000 ))
(5.154384 ( -0.146503 0.000000 0.000000 ))
(5.172036 ( -0.149311 0.000000 0.000000 ))
(5.189688 ( -0.152120 0.000000 0.000000 ))
(5.207340 ( -0.153594 0.000000 0.000000 ))
(5.224992 ( -0.155068 0.000000 0.000000 ))
(5.242644 ( -0.155216 0.000000 0.000000 ))
(5.260296 ( -0.155364 0.000000 0.000000 ))
(5.277948 ( -0.154218 0.000000 0.000000 ))
(5.295600 ( -0.153071 0.000000 0.000000 ))
(5.313252 ( -0.150686 0.000000 0.000000 ))
(5.330904 ( -0.148300 0.000000 0.000000 ))
(5.348556 ( -0.144752 0.000000 0.000000 ))
(5.366208 ( -0.141204 0.000000 0.000000 ))
(5.383860 ( -0.136589 0.000000 0.000000 ))
(5.401512 ( -0.131974 0.000000 0.000000 ))
(5.419164 ( -0.126404 0.000000 0.000000 ))
(5.436816 ( -0.120834 0.000000 0.000000 ))
(5.454468 ( -0.114435 0.000000 0.000000 ))
(5.472120 ( -0.108037 0.000000 0.000000 ))
(5.489772 ( -0.100946 0.000000 0.000000 ))
(5.507424 ( -0.093855 0.000000 0.000000 ))
(5.525076 ( -0.086218 0.000000 0.000000 ))
(5.542728 ( -0.078580 0.000000 0.000000 ))
(5.560380 ( -0.070544 0.000000 0.000000 ))
(5.578032 ( -0.062508 0.000000 0.000000 ))
(5.595684 ( -0.054224 0.000000 0.000000 ))
(5.613336 ( -0.045940 0.000000 0.000000 ))
(5.630988 ( -0.037556 0.000000 0.000000 ))
(5.648640 ( -0.029172 0.000000 0.000000 ))
(5.666292 ( -0.020834 0.000000 0.000000 ))
(5.683944 ( -0.012495 0.000000 0.000000 ))
(5.701596 ( -0.004339 0.000000 0.000000 ))
(5.719248 ( 0.003818 0.000000 0.000000 ))
(5.736900 ( 0.011662 0.000000 0.000000 ))
(5.754552 ( 0.019507 0.000000 0.000000 ))
(5.772204 ( 0.026922 0.000000 0.000000 ))
(5.789856 ( 0.034338 0.000000 0.000000 ))
(5.807508 ( 0.041220 0.000000 0.000000 ))
(5.825160 ( 0.048102 0.000000 0.000000 ))
(5.842812 ( 0.054360 0.000000 0.000000 ))
(5.860464 ( 0.060618 0.000000 0.000000 ))
(5.878116 ( 0.066178 0.000000 0.000000 ))
(5.895768 ( 0.071737 0.000000 0.000000 ))
(5.913420 ( 0.076538 0.000000 0.000000 ))
(5.931072 ( 0.081340 0.000000 0.000000 ))
(5.948724 ( 0.085340 0.000000 0.000000 ))
(5.966376 ( 0.089340 0.000000 0.000000 ))
(5.984028 ( 0.092511 0.000000 0.000000 ))
(6.001680 ( 0.095683 0.000000 0.000000 ))
(6.019332 ( 0.098012 0.000000 0.000000 ))
(6.036984 ( 0.100342 0.000000 0.000000 ))
(6.054636 ( 0.101833 0.000000 0.000000 ))
(6.072288 ( 0.103324 0.000000 0.000000 ))
(6.089940 ( 0.103992 0.000000 0.000000 ))
(6.107592 ( 0.104660 0.000000 0.000000 ))
(6.125244 ( 0.104534 0.000000 0.000000 ))
(6.142896 ( 0.104409 0.000000 0.000000 ))
(6.160548 ( 0.103529 0.000000 0.000000 ))
(6.178200 ( 0.102649 0.000000 0.000000 ))
(6.195852 ( 0.101063 0.000000 0.000000 ))
(6.213504 ( 0.099478 0.000000 0.000000 ))
(6.231156 ( 0.097245 0.000000 0.000000 ))
(6.248808 ( 0.095012 0.000000 0.000000 ))
(6.266460 ( 0.092195 0.000000 0.000000 ))
(6.284112 ( 0.089378 0.000000 0.000000 ))
(6.301764 ( 0.086045 0.000000 0.000000 ))
(6.319416 ( 0.082712 0.000000 0.000000 ))
(6.337068 ( 0.078937 0.000000 0.000000 ))
(6.354720 ( 0.075161 0.000000 0.000000 ))
(6.372372 ( 0.071017 0.000000 0.000000 ))
(6.390024 ( 0.066872 0.000000 0.000000 ))
(6.407676 ( 0.062434 0.000000 0.000000 ))
(6.425328 ( 0.057996 0.000000 0.000000 ))
(6.442980 ( 0.053338 0.000000 0.000000 ))
(6.460632 ( 0.048681 0.000000 0.000000 ))
(6.478284 ( 0.043878 0.000000 0.000000 ))
(6.495936 ( 0.039074 0.000000 0.000000 ))
(6.513588 ( 0.034196 0.000000 0.000000 ))
(6.531240 ( 0.029318 0.000000 0.000000 ))
(6.548892 ( 0.024431 0.000000 0.000000 ))
(6.566544 ( 0.019545 0.000000 0.000000 ))
(6.584196 ( 0.014713 0.000000 0.000000 ))
(6.601848 ( 0.009882 0.000000 0.000000 ))
(6.619500 ( 0.005164 0.000000 0.000000 ))
(6.637152 ( 0.000446 0.000000 0.000000 ))
(6.654804 ( -0.004103 0.000000 0.000000 ))
(6.672456 ( -0.008652 0.000000 0.000000 ))
(6.690108 ( -0.012983 0.000000 0.000000 ))
(6.707760 ( -0.017314 0.000000 0.000000 ))
(6.725412 ( -0.021382 0.000000 0.000000 ))
(6.743064 ( -0.025450 0.000000 0.000000 ))
(6.760716 ( -0.029213 0.000000 0.000000 ))
(6.778368 ( -0.032976 0.000000 0.000000 ))
(6.796020 ( -0.036401 0.000000 0.000000 ))
(6.813672 ( -0.039826 0.000000 0.000000 ))
(6.831324 ( -0.042882 0.000000 0.000000 ))
(6.848976 ( -0.045938 0.000000 0.000000 ))
(6.866628 ( -0.048601 0.000000 0.000000 ))
(6.884280 ( -0.051263 0.000000 0.000000 ))
(6.901932 ( -0.053513 0.000000 0.000000 ))
(6.919584 ( -0.055762 0.000000 0.000000 ))
(6.937236 ( -0.057583 0.000000 0.000000 ))
(6.954888 ( -0.059404 0.000000 0.000000 ))
(6.972540 ( -0.060786 0.000000 0.000000 ))
(6.990192 ( -0.062168 0.000000 0.000000 ))
(7.007844 ( -0.063104 0.000000 0.000000 ))
(7.025496 ( -0.064041 0.000000 0.000000 ))
(7.043148 ( -0.064530 0.000000 0.000000 ))
(7.060800 ( -0.065020 0.000000 0.000000 ))
(7.078452 ( -0.065066 0.000000 0.000000 ))
(7.096104 ( -0.065112 0.000000 0.000000 ))
(7.113756 ( -0.064723 0.000000 0.000000 ))
(7.131408 ( -0.064334 0.000000 0.000000 ))
(7.149060 ( -0.063523 0.000000 0.000000 ))
(7.166712 ( -0.062712 0.000000 0.000000 ))
(7.184364 ( -0.061495 0.000000 0.000000 ))
(7.202016 ( -0.060279 0.000000 0.000000 ))
(7.219668 ( -0.058681 0.000000 0.000000 ))
(7.237320 ( -0.057083 0.000000 0.000000 ))
(7.254972 ( -0.055129 0.000000 0.000000 ))
(7.272624 ( -0.053175 0.000000 0.000000 ))
(7.290276 ( -0.050899 0.000000 0.000000 ))
(7.307928 ( -0.048622 0.000000 0.000000 ))
(7.325580 ( -0.046058 0.000000 0.000000 ))
(7.343232 ( -0.043494 0.000000 0.000000 ))
(7.360884 ( -0.040683 0.000000 0.000000 ))
(7.378536 ( -0.037872 0.000000 0.000000 ))
(7.396188 ( -0.034856 0.000000 0.000000 ))
(7.413840 ( -0.031840 0.000000 0.000000 ))
(7.431492 ( -0.028667 0.000000 0.000000 ))
(7.449144 ( -0.025493 0.000000 0.000000 ))
(7.466796 ( -0.022210 0.000000 0.000000 ))
(7.484448 ( -0.018927 0.000000 0.000000 ))
(7.502100 ( -0.015587 0.000000 0.000000 ))
(7.519752 ( -0.012247 0.000000 0.000000 ))
(7.537404 ( -0.008900 0.000000 0.000000 ))
(7.555056 ( -0.005554 0.000000 0.000000 ))
(7.572708 ( -0.002255 0.000000 0.000000 ))
(7.590360 ( 0.001044 0.000000 0.000000 ))
(7.608012 ( 0.004245 0.000000 0.000000 ))
(7.625664 ( 0.007445 0.000000 0.000000 ))
(7.643316 ( 0.010496 0.000000 0.000000 ))
(7.660968 ( 0.013547 0.000000 0.000000 ))
(7.678620 ( 0.016402 0.000000 0.000000 ))
(7.696272 ( 0.019258 0.000000 0.000000 ))
(7.713924 ( 0.021872 0.000000 0.000000 ))
(7.731576 ( 0.024486 0.000000 0.000000 ))
(7.749228 ( 0.026820 0.000000 0.000000 ))
(7.766880 ( 0.029154 0.000000 0.000000 ))
(7.784532 ( 0.031174 0.000000 0.000000 ))
(7.802184 ( 0.033193 0.000000 0.000000 ))
(7.819836 ( 0.034869 0.000000 0.000000 ))
(7.837488 ( 0.036545 0.000000 0.000000 ))
(7.855140 ( 0.037856 0.000000 0.000000 ))
(7.872792 ( 0.039166 0.000000 0.000000 ))
(7.890444 ( 0.040099 0.000000 0.000000 ))
(7.908096 ( 0.041032 0.000000 0.000000 ))
(7.925748 ( 0.041579 0.000000 0.000000 ))
(7.943400 ( 0.042126 0.000000 0.000000 ))
(7.961052 ( 0.042288 0.000000 0.000000 ))
(7.978704 ( 0.042449 0.000000 0.000000 ))
(7.996356 ( 0.042234 0.000000 0.000000 ))
(8.014008 ( 0.042019 0.000000 0.000000 ))
(8.031660 ( 0.041444 0.000000 0.000000 ))
(8.049312 ( 0.040869 0.000000 0.000000 ))
(8.066964 ( 0.039957 0.000000 0.000000 ))
(8.084616 ( 0.039045 0.000000 0.000000 ))
(8.102268 ( 0.037826 0.000000 0.000000 ))
(8.119920 ( 0.036606 0.000000 0.000000 ))
(8.137572 ( 0.035115 0.000000 0.000000 ))
(8.155224 ( 0.033625 0.000000 0.000000 ))
(8.172876 ( 0.031903 0.000000 0.000000 ))
(8.190528 ( 0.030182 0.000000 0.000000 ))
(8.208180 ( 0.028275 0.000000 0.000000 ))
(8.225832 ( 0.026368 0.000000 0.000000 ))
(8.243484 ( 0.024322 0.000000 0.000000 ))
(8.261136 ( 0.022276 0.000000 0.000000 ))
(8.278788 ( 0.020141 0.000000 0.000000 ))
(8.296440 ( 0.018006 0.000000 0.000000 ))
(8.314092 ( 0.015829 0.000000 0.000000 ))
(8.331744 ( 0.013653 0.000000 0.000000 ))
(8.349396 ( 0.011482 0.000000 0.000000 ))
(8.367048 ( 0.009312 0.000000 0.000000 ))
(8.384700 ( 0.007194 0.000000 0.000000 ))
(8.402352 ( 0.005076 0.000000 0.000000 ))
(8.420004 ( 0.003053 0.000000 0.000000 ))
(8.437656 ( 0.001030 0.000000 0.000000 ))
(8.455308 ( -0.000860 0.000000 0.000000 ))
(8.472960 ( -0.002751 0.000000 0.000000 ))
(8.490612 ( -0.004474 0.000000 0.000000 ))
(8.508264 ( -0.006197 0.000000 0.000000 ))
(8.525916 ( -0.007726 0.000000 0.000000 ))
(8.543568 ( -0.009255 0.000000 0.000000 ))
(8.561220 ( -0.010568 0.000000 0.000000 ))
(8.578872 ( -0.011880 0.000000 0.000000 ))
(8.596524 ( -0.012963 0.000000 0.000000 ))
(8.614176 ( -0.014046 0.000000 0.000000 ))
(8.631828 ( -0.014891 0.000000 0.000000 ))
(8.649480 ( -0.015736 0.000000 0.000000 ))
(8.667132 ( -0.016343 0.000000 0.000000 ))
(8.684784 ( -0.016950 0.000000 0.000000 ))
(8.702436 ( -0.017323 0.000000 0.000000 ))
(8.720088 ( -0.017696 0.000000 0.000000 ))
(8.737740 ( -0.017848 0.000000 0.000000 ))
(8.755392 ( -0.017999 0.000000 0.000000 ))
(8.773044 ( -0.017944 0.000000 0.000000 ))
(8.790696 ( -0.017889 0.000000 0.000000 ))
(8.808348 ( -0.017650 0.000000 0.000000 ))
(8.826000 ( -0.017410 0.000000 0.000000 ))
(8.843652 ( -0.017010 0.000000 0.000000 ))
(8.861304 ( -0.016610 0.000000 0.000000 ))
(8.878956 ( -0.016076 0.000000 0.000000 ))
(8.896608 ( -0.015542 0.000000 0.000000 ))
(8.914260 ( -0.014903 0.000000 0.000000 ))
(8.931912 ( -0.014263 0.000000 0.000000 ))
(8.949564 ( -0.013547 0.000000 0.000000 ))
(8.967216 ( -0.012831 0.000000 0.000000 ))
(8.984868 ( -0.012066 0.000000 0.000000 ))
(9.002520 ( -0.011302 0.000000 0.000000 ))
(9.020172 ( -0.010517 0.000000 0.000000 ))
(9.037824 ( -0.009732 0.000000 0.000000 ))
(9.055476 ( -0.008952 0.000000 0.000000 ))
(9.073128 ( -0.008172 0.000000 0.000000 ))
(9.090780 ( -0.007419 0.000000 0.000000 ))
(9.108432 ( -0.006666 0.000000 0.000000 ))
(9.126084 ( -0.005959 0.000000 0.000000 ))
(9.143736 ( -0.005251 0.000000 0.000000 ))
(9.161388 ( -0.004604 0.000000 0.000000 ))
(9.179040 ( -0.003957 0.000000 0.000000 ))
(9.196692 ( -0.003381 0.000000 0.000000 ))
(9.214344 ( -0.002805 0.000000 0.000000 ))
(9.231996 ( -0.002306 0.000000 0.000000 ))
(9.249648 ( -0.001807 0.000000 0.000000 ))
(9.267300 ( -0.001389 0.000000 0.000000 ))
(9.284952 ( -0.000970 0.000000 0.000000 ))
(9.302604 ( -0.000630 0.000000 0.000000 ))
(9.320256 ( -0.000290 0.000000 0.000000 ))
(9.337908 ( -0.000025 0.000000 0.000000 ))
(9.355560 ( 0.000240 0.000000 0.000000 ))
(9.373212 ( 0.000437 0.000000 0.000000 ))
(9.390864 ( 0.000634 0.000000 0.000000 ))
(9.408516 ( 0.000774 0.000000 0.000000 ))
(9.426168 ( 0.000913 0.000000 0.000000 ))
(9.443820 ( 0.001007 0.000000 0.000000 ))
(9.461472 ( 0.001101 0.000000 0.000000 ))
(9.479124 ( 0.001160 0.000000 0.000000 ))
(9.496776 ( 0.001219 0.000000 0.000000 ))
(9.514428 ( 0.001255 0.000000 0.000000 ))
(9.532080 ( 0.001292 0.000000 0.000000 ))
(9.549732 ( 0.001317 0.000000 0.000000 ))
(9.567384 ( 0.001342 0.000000 0.000000 ))
(9.585036 ( 0.001368 0.000000 0.000000 ))
(9.602688 ( 0.001394 0.000000 0.000000 ))
(9.620340 ( 0.001428 0.000000 0.000000 ))
(9.637992 ( 0.001463 0.000000 0.000000 ))
(9.655644 ( 0.001514 0.000000 0.000000 ))
(9.673296 ( 0.001565 0.000000 0.000000 ))
(9.690948 ( 0.001635 0.000000 0.000000 ))
(9.708600 ( 0.001706 0.000000 0.000000 ))
(9.726252 ( 0.001798 0.000000 0.000000 ))
(9.743904 ( 0.001890 0.000000 0.000000 ))
(9.761556 ( 0.002002 0.000000 0.000000 ))
(9.779208 ( 0.002114 0.000000 0.000000 ))
(9.796860 ( 0.002242 0.000000 0.000000 ))
(9.814512 ( 0.002370 0.000000 0.000000 ))
(9.832164 ( 0.002508 0.000000 0.000000 ))
(9.849816 ( 0.002646 0.000000 0.000000 ))
(9.867468 ( 0.002786 0.000000 0.000000 ))
(9.885120 ( 0.002927 0.000000 0.000000 ))
(9.902772 ( 0.003060 0.000000 0.000000 ))
(9.920424 ( 0.003194 0.000000 0.000000 ))
(9.938076 ( 0.003311 0.000000 0.000000 ))
(9.955728 ( 0.003428 0.000000 0.000000 ))
(9.973380 ( 0.003518 0.000000 0.000000 ))
(9.991032 ( 0.003608 0.000000 0.000000 ))
(10.008684 ( 0.003660 0.000000 0.000000 ))
(10.026336 ( 0.003712 0.000000 0.000000 ))
(10.043988 ( 0.003717 0.000000 0.000000 ))
(10.061640 ( 0.003721 0.000000 0.000000 ))
(10.079292 ( 0.003671 0.000000 0.000000 ))
(10.096944 ( 0.003620 0.000000 0.000000 ))
(10.114596 ( 0.003509 0.000000 0.000000 ))
(10.132248 ( 0.003398 0.000000 0.000000 ))
(10.149900 ( 0.003223 0.000000 0.000000 ))
(10.167552 ( 0.003048 0.000000 0.000000 ))
(10.185204 ( 0.002808 0.000000 0.000000 ))
(10.202856 ( 0.002568 0.000000 0.000000 ))
(10.220508 ( 0.002266 0.000000 0.000000 ))
(10.238160 ( 0.001964 0.000000 0.000000 ))
(10.255812 ( 0.001606 0.000000 0.000000 ))
(10.273464 ( 0.001249 0.000000 0.000000 ))
(10.291116 ( 0.000844 0.000000 0.000000 ))
(10.308768 ( 0.000440 0.000000 0.000000 ))
(10.326420 ( 0.000000 0.000000 0.000000 ))
(10.344072 ( -0.000439 0.000000 0.000000 ))
(10.361724 ( -0.000899 0.000000 0.000000 ))
(10.379376 ( -0.001359 0.000000 0.000000 ))
(10.397028 ( -0.001824 0.000000 0.000000 ))
(10.414680 ( -0.002289 0.000000 0.000000 ))
(10.432332 ( -0.002741 0.000000 0.000000 ))
(10.449984 ( -0.003192 0.000000 0.000000 ))
(10.467636 ( -0.003611 0.000000 0.000000 ))
(10.485288 ( -0.004031 0.000000 0.000000 ))
(10.502940 ( -0.004400 0.000000 0.000000 ))
(10.520592 ( -0.004770 0.000000 0.000000 ))
(10.538244 ( -0.005072 0.000000 0.000000 ))
(10.555896 ( -0.005374 0.000000 0.000000 ))
(10.573548 ( -0.005593 0.000000 0.000000 ))
(10.591200 ( -0.005812 0.000000 0.000000 ))
(10.608852 ( -0.005933 0.000000 0.000000 ))
(10.626504 ( -0.006054 0.000000 0.000000 ))
(10.644156 ( -0.006066 0.000000 0.000000 ))
(10.661808 ( -0.006079 0.000000 0.000000 ))
(10.679460 ( -0.005976 0.000000 0.000000 ))
(10.697112 ( -0.005874 0.000000 0.000000 ))
(10.714764 ( -0.005651 0.000000 0.000000 ))
(10.732416 ( -0.005429 0.000000 0.000000 ))
(10.750068 ( -0.005089 0.000000 0.000000 ))
(10.767720 ( -0.004748 0.000000 0.000000 ))
(10.785372 ( -0.004295 0.000000 0.000000 ))
(10.803024 ( -0.003842 0.000000 0.000000 ))
(10.820676 ( -0.003286 0.000000 0.000000 ))
(10.838328 ( -0.002730 0.000000 0.000000 ))
(10.855980 ( -0.002086 0.000000 0.000000 ))
(10.873632 ( -0.001441 0.000000 0.000000 ))
(10.891284 ( -0.000727 0.000000 0.000000 ))
(10.908936 ( -0.000013 0.000000 0.000000 ))
(10.926588 ( 0.000749 0.000000 0.000000 ))
(10.944240 ( 0.001511 0.000000 0.000000 ))
(10.961892 ( 0.002299 0.000000 0.000000 ))
(10.979544 ( 0.003086 0.000000 0.000000 ))
(10.997196 ( 0.003872 0.000000 0.000000 ))
(11.014848 ( 0.004659 0.000000 0.000000 ))
(11.032500 ( 0.005417 0.000000 0.000000 ))
(11.050152 ( 0.006176 0.000000 0.000000 ))
(11.067804 ( 0.006880 0.000000 0.000000 ))
(11.085456 ( 0.007583 0.000000 0.000000 ))
(11.103108 ( 0.008207 0.000000 0.000000 ))
(11.120760 ( 0.008831 0.000000 0.000000 ))
(11.138412 ( 0.009351 0.000000 0.000000 ))
(11.156064 ( 0.009870 0.000000 0.000000 ))
(11.173716 ( 0.010264 0.000000 0.000000 ))
(11.191368 ( 0.010657 0.000000 0.000000 ))
(11.209020 ( 0.010907 0.000000 0.000000 ))
(11.226672 ( 0.011157 0.000000 0.000000 ))
(11.244324 ( 0.011249 0.000000 0.000000 ))
(11.261976 ( 0.011341 0.000000 0.000000 ))
(11.279628 ( 0.011267 0.000000 0.000000 ))
(11.297280 ( 0.011193 0.000000 0.000000 ))
(11.314932 ( 0.010951 0.000000 0.000000 ))
(11.332584 ( 0.010708 0.000000 0.000000 ))
(11.350236 ( 0.010301 0.000000 0.000000 ))
(11.367888 ( 0.009894 0.000000 0.000000 ))
(11.385540 ( 0.009330 0.000000 0.000000 ))
(11.403192 ( 0.008766 0.000000 0.000000 ))
(11.420844 ( 0.008060 0.000000 0.000000 ))
(11.438496 ( 0.007353 0.000000 0.000000 ))
(11.456148 ( 0.006523 0.000000 0.000000 ))
(11.473800 ( 0.005692 0.000000 0.000000 ))
(11.491452 ( 0.004761 0.000000 0.000000 ))
(11.509104 ( 0.003829 0.000000 0.000000 ))
(11.526756 ( 0.002824 0.000000 0.000000 ))
(11.544408 ( 0.001818 0.000000 0.000000 ))
(11.562060 ( 0.000767 0.000000 0.000000 ))
(11.579712 ( -0.000283 0.000000 0.000000 ))
(11.597364 ( -0.001345 0.000000 0.000000 ))
(11.615016 ( -0.002408 0.000000 0.000000 ))
(11.632668 ( -0.003448 0.000000 0.000000 ))
(11.650320 ( -0.004489 0.000000 0.000000 ))
(11.667972 ( -0.005475 0.000000 0.000000 ))
(11.685624 ( -0.006461 0.000000 0.000000 ))
(11.703276 ( -0.007362 0.000000 0.000000 ))
(11.720928 ( -0.008263 0.000000 0.000000 ))
(11.738580 ( -0.009050 0.000000 0.000000 ))
(11.756232 ( -0.009838 0.000000 0.000000 ))
(11.773884 ( -0.010486 0.000000 0.000000 ))
(11.791536 ( -0.011135 0.000000 0.000000 ))
(11.809188 ( -0.011623 0.000000 0.000000 ))
(11.826840 ( -0.012112 0.000000 0.000000 ))
(11.844492 ( -0.012425 0.000000 0.000000 ))
(11.862144 ( -0.012739 0.000000 0.000000 ))
(11.879796 ( -0.012866 0.000000 0.000000 ))
(11.897448 ( -0.012994 0.000000 0.000000 ))
(11.915100 ( -0.012932 0.000000 0.000000 ))
(11.932752 ( -0.012870 0.000000 0.000000 ))
(11.950404 ( -0.012622 0.000000 0.000000 ))
(11.968056 ( -0.012374 0.000000 0.000000 ))
(11.985708 ( -0.011946 0.000000 0.000000 ))
(12.003360 ( -0.011518 0.000000 0.000000 ))
(12.021012 ( -0.010926 0.000000 0.000000 ))
(12.038664 ( -0.010334 0.000000 0.000000 ))
(12.056316 ( -0.009597 0.000000 0.000000 ))
(12.073968 ( -0.008859 0.000000 0.000000 ))
(12.091620 ( -0.008002 0.000000 0.000000 ))
(12.109272 ( -0.007146 0.000000 0.000000 ))
(12.126924 ( -0.006197 0.000000 0.000000 ))
(12.144576 ( -0.005249 0.000000 0.000000 ))
(12.162228 ( -0.004240 0.000000 0.000000 ))
(12.179880 ( -0.003231 0.000000 0.000000 ))
(12.197532 ( -0.002197 0.000000 0.000000 ))
(12.215184 ( -0.001162 0.000000 0.000000 ))
(12.232836 ( -0.000135 0.000000 0.000000 ))
(12.250488 ( 0.000892 0.000000 0.000000 ))
(12.268140 ( 0.001878 0.000000 0.000000 ))
(12.285792 ( 0.002863 0.000000 0.000000 ))
(12.303444 ( 0.003775 0.000000 0.000000 ))
(12.321096 ( 0.004686 0.000000 0.000000 ))
(12.338748 ( 0.005495 0.000000 0.000000 ))
(12.356400 ( 0.006303 0.000000 0.000000 ))
(12.374052 ( 0.006982 0.000000 0.000000 ))
(12.391704 ( 0.007661 0.000000 0.000000 ))
(12.409356 ( 0.008189 0.000000 0.000000 ))
(12.427008 ( 0.008716 0.000000 0.000000 ))
(12.444660 ( 0.009077 0.000000 0.000000 ))
(12.462312 ( 0.009437 0.000000 0.000000 ))
(12.479964 ( 0.009621 0.000000 0.000000 ))
(12.497616 ( 0.009806 0.000000 0.000000 ))
(12.515268 ( 0.009810 0.000000 0.000000 ))
(12.532920 ( 0.009815 0.000000 0.000000 ))
(12.550572 ( 0.009642 0.000000 0.000000 ))
(12.568224 ( 0.009469 0.000000 0.000000 ))
(12.585876 ( 0.009126 0.000000 0.000000 ))
(12.603528 ( 0.008784 0.000000 0.000000 ))
(12.621180 ( 0.008285 0.000000 0.000000 ))
(12.638832 ( 0.007787 0.000000 0.000000 ))
(12.656484 ( 0.007153 0.000000 0.000000 ))
(12.674136 ( 0.006518 0.000000 0.000000 ))
(12.691788 ( 0.005772 0.000000 0.000000 ))
(12.709440 ( 0.005027 0.000000 0.000000 ))
(12.727092 ( 0.004196 0.000000 0.000000 ))
(12.744744 ( 0.003366 0.000000 0.000000 ))
(12.762396 ( 0.002484 0.000000 0.000000 ))
(12.780048 ( 0.001601 0.000000 0.000000 ))
(12.797700 ( 0.000698 0.000000 0.000000 ))
(12.815352 ( -0.000204 0.000000 0.000000 ))
(12.833004 ( -0.001092 0.000000 0.000000 ))
(12.850656 ( -0.001981 0.000000 0.000000 ))
(12.868308 ( -0.002822 0.000000 0.000000 ))
(12.885960 ( -0.003663 0.000000 0.000000 ))
(12.903612 ( -0.004426 0.000000 0.000000 ))
(12.921264 ( -0.005188 0.000000 0.000000 ))
(12.938916 ( -0.005847 0.000000 0.000000 ))
(12.956568 ( -0.006505 0.000000 0.000000 ))
(12.974220 ( -0.007035 0.000000 0.000000 ))
(12.991872 ( -0.007564 0.000000 0.000000 ))
(13.009524 ( -0.007945 0.000000 0.000000 ))
(13.027176 ( -0.008325 0.000000 0.000000 ))
(13.044828 ( -0.008542 0.000000 0.000000 ))
(13.062480 ( -0.008758 0.000000 0.000000 ))
(13.080132 ( -0.008801 0.000000 0.000000 ))
(13.097784 ( -0.008844 0.000000 0.000000 ))
(13.115436 ( -0.008711 0.000000 0.000000 ))
(13.133088 ( -0.008577 0.000000 0.000000 ))
(13.150740 ( -0.008270 0.000000 0.000000 ))
(13.168392 ( -0.007962 0.000000 0.000000 ))
(13.186044 ( -0.007490 0.000000 0.000000 ))
(13.203696 ( -0.007019 0.000000 0.000000 ))
(13.221348 ( -0.006398 0.000000 0.000000 ))
(13.239000 ( -0.005777 0.000000 0.000000 ))
(13.256652 ( -0.005029 0.000000 0.000000 ))
(13.274304 ( -0.004280 0.000000 0.000000 ))
(13.291956 ( -0.003428 0.000000 0.000000 ))
(13.309608 ( -0.002575 0.000000 0.000000 ))
(13.327260 ( -0.001648 0.000000 0.000000 ))
(13.344912 ( -0.000721 0.000000 0.000000 ))
(13.362564 ( 0.000252 0.000000 0.000000 ))
(13.380216 ( 0.001224 0.000000 0.000000 ))
(13.397868 ( 0.002208 0.000000 0.000000 ))
(13.415520 ( 0.003191 0.000000 0.000000 ))
(13.433172 ( 0.004154 0.000000 0.000000 ))
(13.450824 ( 0.005117 0.000000 0.000000 ))
(13.468476 ( 0.006026 0.000000 0.000000 ))
(13.486128 ( 0.006934 0.000000 0.000000 ))
(13.503780 ( 0.007757 0.000000 0.000000 ))
(13.521432 ( 0.008581 0.000000 0.000000 ))
(13.539084 ( 0.009289 0.000000 0.000000 ))
(13.556736 ( 0.009998 0.000000 0.000000 ))
(13.574388 ( 0.010566 0.000000 0.000000 ))
(13.592040 ( 0.011134 0.000000 0.000000 ))
(13.609692 ( 0.011540 0.000000 0.000000 ))
(13.627344 ( 0.011945 0.000000 0.000000 ))
(13.644996 ( 0.012172 0.000000 0.000000 ))
(13.662648 ( 0.012399 0.000000 0.000000 ))
(13.680300 ( 0.012438 0.000000 0.000000 ))
(13.697952 ( 0.012476 0.000000 0.000000 ))
(13.715604 ( 0.012321 0.000000 0.000000 ))
(13.733256 ( 0.012166 0.000000 0.000000 ))
(13.750908 ( 0.011818 0.000000 0.000000 ))
(13.768560 ( 0.011470 0.000000 0.000000 ))
(13.786212 ( 0.010935 0.000000 0.000000 ))
(13.803864 ( 0.010400 0.000000 0.000000 ))
(13.821516 ( 0.009691 0.000000 0.000000 ))
(13.839168 ( 0.008981 0.000000 0.000000 ))
(13.856820 ( 0.008115 0.000000 0.000000 ))
(13.874472 ( 0.007248 0.000000 0.000000 ))
(13.892124 ( 0.006247 0.000000 0.000000 ))
(13.909776 ( 0.005246 0.000000 0.000000 ))
(13.927428 ( 0.004137 0.000000 0.000000 ))
(13.945080 ( 0.003028 0.000000 0.000000 ))
(13.962732 ( 0.001842 0.000000 0.000000 ))
(13.980384 ( 0.000656 0.000000 0.000000 ))
(13.998036 ( -0.000575 0.000000 0.000000 ))
(14.015688 ( -0.001806 0.000000 0.000000 ))
(14.033340 ( -0.003047 0.000000 0.000000 ))
(14.050992 ( -0.004289 0.000000 0.000000 ))
(14.068644 ( -0.005508 0.000000 0.000000 ))
(14.086296 ( -0.006727 0.000000 0.000000 ))
(14.103948 ( -0.007889 0.000000 0.000000 ))
(14.121600 ( -0.009052 0.000000 0.000000 ))
(14.139252 ( -0.010125 0.000000 0.000000 ))
(14.156904 ( -0.011197 0.000000 0.000000 ))
(14.174556 ( -0.012150 0.000000 0.000000 ))
(14.192208 ( -0.013103 0.000000 0.000000 ))
(14.209860 ( -0.013908 0.000000 0.000000 ))
(14.227512 ( -0.014713 0.000000 0.000000 ))
(14.245164 ( -0.015346 0.000000 0.000000 ))
(14.262816 ( -0.015979 0.000000 0.000000 ))
(14.280468 ( -0.016421 0.000000 0.000000 ))
(14.298120 ( -0.016862 0.000000 0.000000 ))
(14.315772 ( -0.017097 0.000000 0.000000 ))
(14.333424 ( -0.017331 0.000000 0.000000 ))
(14.351076 ( -0.017349 0.000000 0.000000 ))
(14.368728 ( -0.017367 0.000000 0.000000 ))
(14.386380 ( -0.017165 0.000000 0.000000 ))
(14.404032 ( -0.016964 0.000000 0.000000 ))
(14.421684 ( -0.016544 0.000000 0.000000 ))
(14.439336 ( -0.016125 0.000000 0.000000 ))
(14.456988 ( -0.015495 0.000000 0.000000 ))
(14.474640 ( -0.014866 0.000000 0.000000 ))
(14.492292 ( -0.014037 0.000000 0.000000 ))
(14.509944 ( -0.013208 0.000000 0.000000 ))
(14.527596 ( -0.012197 0.000000 0.000000 ))
(14.545248 ( -0.011186 0.000000 0.000000 ))
(14.562900 ( -0.010011 0.000000 0.000000 ))
(14.580552 ( -0.008837 0.000000 0.000000 ))
(14.598204 ( -0.007524 0.000000 0.000000 ))
(14.615856 ( -0.006212 0.000000 0.000000 ))
(14.633508 ( -0.004791 0.000000 0.000000 ))
(14.651160 ( -0.003369 0.000000 0.000000 ))
(14.668812 ( -0.001870 0.000000 0.000000 ))
(14.686464 ( -0.000371 0.000000 0.000000 ))
(14.704116 ( 0.001172 0.000000 0.000000 ))
(14.721768 ( 0.002716 0.000000 0.000000 ))
(14.739420 ( 0.004269 0.000000 0.000000 ))
(14.757072 ( 0.005822 0.000000 0.000000 ))
(14.774724 ( 0.007350 0.000000 0.000000 ))
(14.792376 ( 0.008877 0.000000 0.000000 ))
(14.810028 ( 0.010346 0.000000 0.000000 ))
(14.827680 ( 0.011814 0.000000 0.000000 ))
(14.845332 ( 0.013192 0.000000 0.000000 ))
(14.862984 ( 0.014570 0.000000 0.000000 ))
(14.880636 ( 0.015825 0.000000 0.000000 ))
(14.898288 ( 0.017080 0.000000 0.000000 ))
(14.915940 ( 0.018185 0.000000 0.000000 ))
(14.933592 ( 0.019289 0.000000 0.000000 ))
(14.951244 ( 0.020215 0.000000 0.000000 ))
(14.968896 ( 0.021140 0.000000 0.000000 ))
(14.986548 ( 0.021865 0.000000 0.000000 ))
(15.004200 ( 0.022590 0.000000 0.000000 ))
(15.021852 ( 0.023094 0.000000 0.000000 ))
(15.039504 ( 0.023598 0.000000 0.000000 ))
(15.057156 ( 0.023867 0.000000 0.000000 ))
(15.074808 ( 0.024136 0.000000 0.000000 ))
(15.092460 ( 0.024160 0.000000 0.000000 ))
(15.110112 ( 0.024184 0.000000 0.000000 ))
(15.127764 ( 0.023958 0.000000 0.000000 ))
(15.145416 ( 0.023733 0.000000 0.000000 ))
(15.163068 ( 0.023257 0.000000 0.000000 ))
(15.180720 ( 0.022782 0.000000 0.000000 ))
(15.198372 ( 0.022061 0.000000 0.000000 ))
(15.216024 ( 0.021341 0.000000 0.000000 ))
(15.233676 ( 0.020385 0.000000 0.000000 ))
(15.251328 ( 0.019430 0.000000 0.000000 ))
(15.268980 ( 0.018251 0.000000 0.000000 ))
(15.286632 ( 0.017073 0.000000 0.000000 ))
(15.304284 ( 0.015690 0.000000 0.000000 ))
(15.321936 ( 0.014307 0.000000 0.000000 ))
(15.339588 ( 0.012741 0.000000 0.000000 ))
(15.357240 ( 0.011175 0.000000 0.000000 ))
(15.374892 ( 0.009452 0.000000 0.000000 ))
(15.392544 ( 0.007729 0.000000 0.000000 ))
(15.410196 ( 0.005880 0.000000 0.000000 ))
(15.427848 ( 0.004030 0.000000 0.000000 ))
(15.445500 ( 0.002088 0.000000 0.000000 ))
(15.463152 ( 0.000146 0.000000 0.000000 ))
(15.480804 ( -0.001854 0.000000 0.000000 ))
(15.498456 ( -0.003853 0.000000 0.000000 ))
(15.516108 ( -0.005875 0.000000 0.000000 ))
(15.533760 ( -0.007896 0.000000 0.000000 ))
(15.551412 ( -0.009901 0.000000 0.000000 ))
(15.569064 ( -0.011906 0.000000 0.000000 ))
(15.586716 ( -0.013857 0.000000 0.000000 ))
(15.604368 ( -0.015808 0.000000 0.000000 ))
(15.622020 ( -0.017668 0.000000 0.000000 ))
(15.639672 ( -0.019529 0.000000 0.000000 ))
(15.657324 ( -0.021260 0.000000 0.000000 ))
(15.674976 ( -0.022992 0.000000 0.000000 ))
(15.692628 ( -0.024561 0.000000 0.000000 ))
(15.710280 ( -0.026131 0.000000 0.000000 ))
(15.727932 ( -0.027504 0.000000 0.000000 ))
(15.745584 ( -0.028878 0.000000 0.000000 ))
(15.763236 ( -0.030027 0.000000 0.000000 ))
(15.780888 ( -0.031176 0.000000 0.000000 ))
(15.798540 ( -0.032074 0.000000 0.000000 ))
(15.816192 ( -0.032972 0.000000 0.000000 ))
(15.833844 ( -0.033598 0.000000 0.000000 ))
(15.851496 ( -0.034223 0.000000 0.000000 ))
(15.869148 ( -0.034560 0.000000 0.000000 ))
(15.886800 ( -0.034896 0.000000 0.000000 ))
(15.904452 ( -0.034932 0.000000 0.000000 ))
(15.922104 ( -0.034969 0.000000 0.000000 ))
(15.939756 ( -0.034698 0.000000 0.000000 ))
(15.957408 ( -0.034427 0.000000 0.000000 ))
(15.975060 ( 0.000000 0.000000 0.000000 ))
(15.992712 ( 0.000000 0.000000 0.000000 ))
)
