1911
(
(0.000000 ( -0.042733 0.000000 0.000000 ))
(0.015700 ( -0.043144 0.000000 0.000000 ))
(0.031400 ( -0.043555 0.000000 0.000000 ))
(0.047100 ( -0.043955 0.000000 0.000000 ))
(0.062800 ( -0.044356 0.000000 0.000000 ))
(0.078500 ( -0.044744 0.000000 0.000000 ))
(0.094200 ( -0.045132 0.000000 0.000000 ))
(0.109900 ( -0.045506 0.000000 0.000000 ))
(0.125600 ( -0.045880 0.000000 0.000000 ))
(0.141300 ( -0.046238 0.000000 0.000000 ))
(0.157000 ( -0.046596 0.000000 0.000000 ))
(0.172700 ( -0.046936 0.000000 0.000000 ))
(0.188400 ( -0.047275 0.000000 0.000000 ))
(0.204100 ( -0.047594 0.000000 0.000000 ))
(0.219800 ( -0.047913 0.000000 0.000000 ))
(0.235500 ( -0.048210 0.000000 0.000000 ))
(0.251200 ( -0.048506 0.000000 0.000000 ))
(0.266900 ( -0.048777 0.000000 0.000000 ))
(0.282600 ( -0.049049 0.000000 0.000000 ))
(0.298300 ( -0.049293 0.000000 0.000000 ))
(0.314000 ( -0.049538 0.000000 0.000000 ))
(0.329700 ( -0.049753 0.000000 0.000000 ))
(0.345400 ( -0.049969 0.000000 0.000000 ))
(0.361100 ( -0.050153 0.000000 0.000000 ))
(0.376800 ( -0.050337 0.000000 0.000000 ))
(0.392500 ( -0.050488 0.000000 0.000000 ))
(0.408200 ( -0.050639 0.000000 0.000000 ))
(0.423900 ( -0.050755 0.000000 0.000000 ))
(0.439600 ( -0.050871 0.000000 0.000000 ))
(0.455300 ( -0.050950 0.000000 0.000000 ))
(0.471000 ( -0.051028 0.000000 0.000000 ))
(0.486700 ( -0.051068 0.000000 0.000000 ))
(0.502400 ( -0.051108 0.000000 0.000000 ))
(0.518100 ( -0.051107 0.000000 0.000000 ))
(0.533800 ( -0.051106 0.000000 0.000000 ))
(0.549500 ( -0.051064 0.000000 0.000000 ))
(0.565200 ( -0.051021 0.000000 0.000000 ))
(0.580900 ( -0.050934 0.000000 0.000000 ))
(0.596600 ( -0.050848 0.000000 0.000000 ))
(0.612300 ( -0.050717 0.000000 0.000000 ))
(0.628000 ( -0.050586 0.000000 0.000000 ))
(0.643700 ( -0.050409 0.000000 0.000000 ))
(0.659400 ( -0.050233 0.000000 0.000000 ))
(0.675100 ( -0.050009 0.000000 0.000000 ))
(0.690800 ( -0.049786 0.000000 0.000000 ))
(0.706500 ( -0.049515 0.000000 0.000000 ))
(0.722200 ( -0.049244 0.000000 0.000000 ))
(0.737900 ( -0.048924 0.000000 0.000000 ))
(0.753600 ( -0.048605 0.000000 0.000000 ))
(0.769300 ( -0.048237 0.000000 0.000000 ))
(0.785000 ( -0.047869 0.000000 0.000000 ))
(0.800700 ( -0.047453 0.000000 0.000000 ))
(0.816400 ( -0.047036 0.000000 0.000000 ))
(0.832100 ( -0.046570 0.000000 0.000000 ))
(0.847800 ( -0.046104 0.000000 0.000000 ))
(0.863500 ( -0.045589 0.000000 0.000000 ))
(0.879200 ( -0.045074 0.000000 0.000000 ))
(0.894900 ( -0.044510 0.000000 0.000000 ))
(0.910600 ( -0.043946 0.000000 0.000000 ))
(0.926300 ( -0.043334 0.000000 0.000000 ))
(0.942000 ( -0.042721 0.000000 0.000000 ))
(0.957700 ( -0.042061 0.000000 0.000000 ))
(0.973400 ( -0.041401 0.000000 0.000000 ))
(0.989100 ( -0.040693 0.000000 0.000000 ))
(1.004800 ( -0.039986 0.000000 0.000000 ))
(1.020500 ( -0.039232 0.000000 0.000000 ))
(1.036200 ( -0.038479 0.000000 0.000000 ))
(1.051900 ( -0.037680 0.000000 0.000000 ))
(1.067600 ( -0.036881 0.000000 0.000000 ))
(1.083300 ( -0.036039 0.000000 0.000000 ))
(1.099000 ( -0.035196 0.000000 0.000000 ))
(1.114700 ( -0.034311 0.000000 0.000000 ))
(1.130400 ( -0.033426 0.000000 0.000000 ))
(1.146100 ( -0.032500 0.000000 0.000000 ))
(1.161800 ( -0.031574 0.000000 0.000000 ))
(1.177500 ( -0.030608 0.000000 0.000000 ))
(1.193200 ( -0.029643 0.000000 0.000000 ))
(1.208900 ( -0.028639 0.000000 0.000000 ))
(1.224600 ( -0.027635 0.000000 0.000000 ))
(1.240300 ( -0.026595 0.000000 0.000000 ))
(1.256000 ( -0.025555 0.000000 0.000000 ))
(1.271700 ( -0.024479 0.000000 0.000000 ))
(1.287400 ( -0.023404 0.000000 0.000000 ))
(1.303100 ( -0.022295 0.000000 0.000000 ))
(1.318800 ( -0.021186 0.000000 0.000000 ))
(1.334500 ( -0.020045 0.000000 0.000000 ))
(1.350200 ( -0.018904 0.000000 0.000000 ))
(1.365900 ( -0.017732 0.000000 0.000000 ))
(1.381600 ( -0.016560 0.000000 0.000000 ))
(1.397300 ( -0.015357 0.000000 0.000000 ))
(1.413000 ( -0.014155 0.000000 0.000000 ))
(1.428700 ( -0.012924 0.000000 0.000000 ))
(1.444400 ( -0.011693 0.000000 0.000000 ))
(1.460100 ( -0.010434 0.000000 0.000000 ))
(1.475800 ( -0.009175 0.000000 0.000000 ))
(1.491500 ( -0.007888 0.000000 0.000000 ))
(1.507200 ( -0.006602 0.000000 0.000000 ))
(1.522900 ( -0.005288 0.000000 0.000000 ))
(1.538600 ( -0.003975 0.000000 0.000000 ))
(1.554300 ( -0.002635 0.000000 0.000000 ))
(1.570000 ( -0.001296 0.000000 0.000000 ))
(1.585700 ( 0.000070 0.000000 0.000000 ))
(1.601400 ( 0.001435 0.000000 0.000000 ))
(1.617100 ( 0.002826 0.000000 0.000000 ))
(1.632800 ( 0.004218 0.000000 0.000000 ))
(1.648500 ( 0.005634 0.000000 0.000000 ))
(1.664200 ( 0.007050 0.000000 0.000000 ))
(1.679900 ( 0.008492 0.000000 0.000000 ))
(1.695600 ( 0.009933 0.000000 0.000000 ))
(1.711300 ( 0.011399 0.000000 0.000000 ))
(1.727000 ( 0.012866 0.000000 0.000000 ))
(1.742700 ( 0.014356 0.000000 0.000000 ))
(1.758400 ( 0.015847 0.000000 0.000000 ))
(1.774100 ( 0.017362 0.000000 0.000000 ))
(1.789800 ( 0.018877 0.000000 0.000000 ))
(1.805500 ( 0.020417 0.000000 0.000000 ))
(1.821200 ( 0.021956 0.000000 0.000000 ))
(1.836900 ( 0.023519 0.000000 0.000000 ))
(1.852600 ( 0.025083 0.000000 0.000000 ))
(1.868300 ( 0.026670 0.000000 0.000000 ))
(1.884000 ( 0.028257 0.000000 0.000000 ))
(1.899700 ( 0.029867 0.000000 0.000000 ))
(1.915400 ( 0.031477 0.000000 0.000000 ))
(1.931100 ( 0.033109 0.000000 0.000000 ))
(1.946800 ( 0.034742 0.000000 0.000000 ))
(1.962500 ( 0.036397 0.000000 0.000000 ))
(1.978200 ( 0.038051 0.000000 0.000000 ))
(1.993900 ( 0.039726 0.000000 0.000000 ))
(2.009600 ( 0.041402 0.000000 0.000000 ))
(2.025300 ( 0.043097 0.000000 0.000000 ))
(2.041000 ( 0.044792 0.000000 0.000000 ))
(2.056700 ( 0.046506 0.000000 0.000000 ))
(2.072400 ( 0.048220 0.000000 0.000000 ))
(2.088100 ( 0.049951 0.000000 0.000000 ))
(2.103800 ( 0.051681 0.000000 0.000000 ))
(2.119500 ( 0.053427 0.000000 0.000000 ))
(2.135200 ( 0.055173 0.000000 0.000000 ))
(2.150900 ( 0.056933 0.000000 0.000000 ))
(2.166600 ( 0.058693 0.000000 0.000000 ))
(2.182300 ( 0.060464 0.000000 0.000000 ))
(2.198000 ( 0.062235 0.000000 0.000000 ))
(2.213700 ( 0.064015 0.000000 0.000000 ))
(2.229400 ( 0.065795 0.000000 0.000000 ))
(2.245100 ( 0.067582 0.000000 0.000000 ))
(2.260800 ( 0.069369 0.000000 0.000000 ))
(2.276500 ( 0.071160 0.000000 0.000000 ))
(2.292200 ( 0.072951 0.000000 0.000000 ))
(2.307900 ( 0.074743 0.000000 0.000000 ))
(2.323600 ( 0.076535 0.000000 0.000000 ))
(2.339300 ( 0.078326 0.000000 0.000000 ))
(2.355000 ( 0.080116 0.000000 0.000000 ))
(2.370700 ( 0.081901 0.000000 0.000000 ))
(2.386400 ( 0.083686 0.000000 0.000000 ))
(2.402100 ( 0.085463 0.000000 0.000000 ))
(2.417800 ( 0.087239 0.000000 0.000000 ))
(2.433500 ( 0.089003 0.000000 0.000000 ))
(2.449200 ( 0.090768 0.000000 0.000000 ))
(2.464900 ( 0.092516 0.000000 0.000000 ))
(2.480600 ( 0.094264 0.000000 0.000000 ))
(2.496300 ( 0.095992 0.000000 0.000000 ))
(2.512000 ( 0.097720 0.000000 0.000000 ))
(2.527700 ( 0.099424 0.000000 0.000000 ))
(2.543400 ( 0.101128 0.000000 0.000000 ))
(2.559100 ( 0.102803 0.000000 0.000000 ))
(2.574800 ( 0.104478 0.000000 0.000000 ))
(2.590500 ( 0.106120 0.000000 0.000000 ))
(2.606200 ( 0.107762 0.000000 0.000000 ))
(2.621900 ( 0.109366 0.000000 0.000000 ))
(2.637600 ( 0.110969 0.000000 0.000000 ))
(2.653300 ( 0.112530 0.000000 0.000000 ))
(2.669000 ( 0.114091 0.000000 0.000000 ))
(2.684700 ( 0.115603 0.000000 0.000000 ))
(2.700400 ( 0.117116 0.000000 0.000000 ))
(2.716100 ( 0.118576 0.000000 0.000000 ))
(2.731800 ( 0.120035 0.000000 0.000000 ))
(2.747500 ( 0.121436 0.000000 0.000000 ))
(2.763200 ( 0.122836 0.000000 0.000000 ))
(2.778900 ( 0.124173 0.000000 0.000000 ))
(2.794600 ( 0.125510 0.000000 0.000000 ))
(2.810300 ( 0.126777 0.000000 0.000000 ))
(2.826000 ( 0.128044 0.000000 0.000000 ))
(2.841700 ( 0.129236 0.000000 0.000000 ))
(2.857400 ( 0.130428 0.000000 0.000000 ))
(2.873100 ( 0.131539 0.000000 0.000000 ))
(2.888800 ( 0.132650 0.000000 0.000000 ))
(2.904500 ( 0.133675 0.000000 0.000000 ))
(2.920200 ( 0.134699 0.000000 0.000000 ))
(2.935900 ( 0.135632 0.000000 0.000000 ))
(2.951600 ( 0.136564 0.000000 0.000000 ))
(2.967300 ( 0.137400 0.000000 0.000000 ))
(2.983000 ( 0.138235 0.000000 0.000000 ))
(2.998700 ( 0.138967 0.000000 0.000000 ))
(3.014400 ( 0.139699 0.000000 0.000000 ))
(3.030100 ( 0.140324 0.000000 0.000000 ))
(3.045800 ( 0.140948 0.000000 0.000000 ))
(3.061500 ( 0.141460 0.000000 0.000000 ))
(3.077200 ( 0.141971 0.000000 0.000000 ))
(3.092900 ( 0.142365 0.000000 0.000000 ))
(3.108600 ( 0.142759 0.000000 0.000000 ))
(3.124300 ( 0.143031 0.000000 0.000000 ))
(3.140000 ( 0.143304 0.000000 0.000000 ))
(3.155700 ( 0.143450 0.000000 0.000000 ))
(3.171400 ( 0.143596 0.000000 0.000000 ))
(3.187100 ( 0.143613 0.000000 0.000000 ))
(3.202800 ( 0.143629 0.000000 0.000000 ))
(3.218500 ( 0.143513 0.000000 0.000000 ))
(3.234200 ( 0.143397 0.000000 0.000000 ))
(3.249900 ( 0.143145 0.000000 0.000000 ))
(3.265600 ( 0.142893 0.000000 0.000000 ))
(3.281300 ( 0.142503 0.000000 0.000000 ))
(3.297000 ( 0.142114 0.000000 0.000000 ))
(3.312700 ( 0.141584 0.000000 0.000000 ))
(3.328400 ( 0.141054 0.000000 0.000000 ))
(3.344100 ( 0.140383 0.000000 0.000000 ))
(3.359800 ( 0.139711 0.000000 0.000000 ))
(3.375500 ( 0.138897 0.000000 0.000000 ))
(3.391200 ( 0.138083 0.000000 0.000000 ))
(3.406900 ( 0.137125 0.000000 0.000000 ))
(3.422600 ( 0.136168 0.000000 0.000000 ))
(3.438300 ( 0.135066 0.000000 0.000000 ))
(3.454000 ( 0.133965 0.000000 0.000000 ))
(3.469700 ( 0.132720 0.000000 0.000000 ))
(3.485400 ( 0.131475 0.000000 0.000000 ))
(3.501100 ( 0.130087 0.000000 0.000000 ))
(3.516800 ( 0.128699 0.000000 0.000000 ))
(3.532500 ( 0.127169 0.000000 0.000000 ))
(3.548200 ( 0.125639 0.000000 0.000000 ))
(3.563900 ( 0.123968 0.000000 0.000000 ))
(3.579600 ( 0.122298 0.000000 0.000000 ))
(3.595300 ( 0.120489 0.000000 0.000000 ))
(3.611000 ( 0.118679 0.000000 0.000000 ))
(3.626700 ( 0.116733 0.000000 0.000000 ))
(3.642400 ( 0.114788 0.000000 0.000000 ))
(3.658100 ( 0.112708 0.000000 0.000000 ))
(3.673800 ( 0.110629 0.000000 0.000000 ))
(3.689500 ( 0.108419 0.000000 0.000000 ))
(3.705200 ( 0.106209 0.000000 0.000000 ))
(3.720900 ( 0.103871 0.000000 0.000000 ))
(3.736600 ( 0.101534 0.000000 0.000000 ))
(3.752300 ( 0.099074 0.000000 0.000000 ))
(3.768000 ( 0.096614 0.000000 0.000000 ))
(3.783700 ( 0.094036 0.000000 0.000000 ))
(3.799400 ( 0.091457 0.000000 0.000000 ))
(3.815100 ( 0.088764 0.000000 0.000000 ))
(3.830800 ( 0.086072 0.000000 0.000000 ))
(3.846500 ( 0.083270 0.000000 0.000000 ))
(3.862200 ( 0.080469 0.000000 0.000000 ))
(3.877900 ( 0.077565 0.000000 0.000000 ))
(3.893600 ( 0.074660 0.000000 0.000000 ))
(3.909300 ( 0.071659 0.000000 0.000000 ))
(3.925000 ( 0.068657 0.000000 0.000000 ))
(3.940700 ( 0.065565 0.000000 0.000000 ))
(3.956400 ( 0.062472 0.000000 0.000000 ))
(3.972100 ( 0.059295 0.000000 0.000000 ))
(3.987800 ( 0.056118 0.000000 0.000000 ))
(4.003500 ( 0.052864 0.000000 0.000000 ))
(4.019200 ( 0.049610 0.000000 0.000000 ))
(4.034900 ( 0.046286 0.000000 0.000000 ))
(4.050600 ( 0.042961 0.000000 0.000000 ))
(4.066300 ( 0.039574 0.000000 0.000000 ))
(4.082000 ( 0.036187 0.000000 0.000000 ))
(4.097700 ( 0.032744 0.000000 0.000000 ))
(4.113400 ( 0.029301 0.000000 0.000000 ))
(4.129100 ( 0.025811 0.000000 0.000000 ))
(4.144800 ( 0.022321 0.000000 0.000000 ))
(4.160500 ( 0.018791 0.000000 0.000000 ))
(4.176200 ( 0.015262 0.000000 0.000000 ))
(4.191900 ( 0.011700 0.000000 0.000000 ))
(4.207600 ( 0.008138 0.000000 0.000000 ))
(4.223300 ( 0.004553 0.000000 0.000000 ))
(4.239000 ( 0.000968 0.000000 0.000000 ))
(4.254700 ( -0.002633 0.000000 0.000000 ))
(4.270400 ( -0.006234 0.000000 0.000000 ))
(4.286100 ( -0.009843 0.000000 0.000000 ))
(4.301800 ( -0.013452 0.000000 0.000000 ))
(4.317500 ( -0.017061 0.000000 0.000000 ))
(4.333200 ( -0.020670 0.000000 0.000000 ))
(4.348900 ( -0.024271 0.000000 0.000000 ))
(4.364600 ( -0.027871 0.000000 0.000000 ))
(4.380300 ( -0.031456 0.000000 0.000000 ))
(4.396000 ( -0.035042 0.000000 0.000000 ))
(4.411700 ( -0.038603 0.000000 0.000000 ))
(4.427400 ( -0.042165 0.000000 0.000000 ))
(4.443100 ( -0.045696 0.000000 0.000000 ))
(4.458800 ( -0.049227 0.000000 0.000000 ))
(4.474500 ( -0.052720 0.000000 0.000000 ))
(4.490200 ( -0.056212 0.000000 0.000000 ))
(4.505900 ( -0.059660 0.000000 0.000000 ))
(4.521600 ( -0.063108 0.000000 0.000000 ))
(4.537300 ( -0.066504 0.000000 0.000000 ))
(4.553000 ( -0.069900 0.000000 0.000000 ))
(4.568700 ( -0.073237 0.000000 0.000000 ))
(4.584400 ( -0.076574 0.000000 0.000000 ))
(4.600100 ( -0.079846 0.000000 0.000000 ))
(4.615800 ( -0.083118 0.000000 0.000000 ))
(4.631500 ( -0.086319 0.000000 0.000000 ))
(4.647200 ( -0.089520 0.000000 0.000000 ))
(4.662900 ( -0.092644 0.000000 0.000000 ))
(4.678600 ( -0.095768 0.000000 0.000000 ))
(4.694300 ( -0.098810 0.000000 0.000000 ))
(4.710000 ( -0.101851 0.000000 0.000000 ))
(4.725700 ( -0.104805 0.000000 0.000000 ))
(4.741400 ( -0.107759 0.000000 0.000000 ))
(4.757100 ( -0.110620 0.000000 0.000000 ))
(4.772800 ( -0.113481 0.000000 0.000000 ))
(4.788500 ( -0.116244 0.000000 0.000000 ))
(4.804200 ( -0.119008 0.000000 0.000000 ))
(4.819900 ( -0.121670 0.000000 0.000000 ))
(4.835600 ( -0.124332 0.000000 0.000000 ))
(4.851300 ( -0.126888 0.000000 0.000000 ))
(4.867000 ( -0.129444 0.000000 0.000000 ))
(4.882700 ( -0.131891 0.000000 0.000000 ))
(4.898400 ( -0.134338 0.000000 0.000000 ))
(4.914100 ( -0.136673 0.000000 0.000000 ))
(4.929800 ( -0.139007 0.000000 0.000000 ))
(4.945500 ( -0.141226 0.000000 0.000000 ))
(4.961200 ( -0.143444 0.000000 0.000000 ))
(4.976900 ( -0.145545 0.000000 0.000000 ))
(4.992600 ( -0.147645 0.000000 0.000000 ))
(5.008300 ( -0.149624 0.000000 0.000000 ))
(5.024000 ( -0.151604 0.000000 0.000000 ))
(5.039700 ( -0.153460 0.000000 0.000000 ))
(5.055400 ( -0.155317 0.000000 0.000000 ))
(5.071100 ( -0.157049 0.000000 0.000000 ))
(5.086800 ( -0.158781 0.000000 0.000000 ))
(5.102500 ( -0.160387 0.000000 0.000000 ))
(5.118200 ( -0.161992 0.000000 0.000000 ))
(5.133900 ( -0.163471 0.000000 0.000000 ))
(5.149600 ( -0.164949 0.000000 0.000000 ))
(5.165300 ( -0.166300 0.000000 0.000000 ))
(5.181000 ( -0.167650 0.000000 0.000000 ))
(5.196700 ( -0.168871 0.000000 0.000000 ))
(5.212400 ( -0.170093 0.000000 0.000000 ))
(5.228100 ( -0.171185 0.000000 0.000000 ))
(5.243800 ( -0.172277 0.000000 0.000000 ))
(5.259500 ( -0.173240 0.000000 0.000000 ))
(5.275200 ( -0.174203 0.000000 0.000000 ))
(5.290900 ( -0.175037 0.000000 0.000000 ))
(5.306600 ( -0.175870 0.000000 0.000000 ))
(5.322300 ( -0.176575 0.000000 0.000000 ))
(5.338000 ( -0.177279 0.000000 0.000000 ))
(5.353700 ( -0.177855 0.000000 0.000000 ))
(5.369400 ( -0.178432 0.000000 0.000000 ))
(5.385100 ( -0.178880 0.000000 0.000000 ))
(5.400800 ( -0.179328 0.000000 0.000000 ))
(5.416500 ( -0.179649 0.000000 0.000000 ))
(5.432200 ( -0.179971 0.000000 0.000000 ))
(5.447900 ( -0.180166 0.000000 0.000000 ))
(5.463600 ( -0.180361 0.000000 0.000000 ))
(5.479300 ( -0.180431 0.000000 0.000000 ))
(5.495000 ( -0.180501 0.000000 0.000000 ))
(5.510700 ( -0.180447 0.000000 0.000000 ))
(5.526400 ( -0.180393 0.000000 0.000000 ))
(5.542100 ( -0.180216 0.000000 0.000000 ))
(5.557800 ( -0.180039 0.000000 0.000000 ))
(5.573500 ( -0.179740 0.000000 0.000000 ))
(5.589200 ( -0.179441 0.000000 0.000000 ))
(5.604900 ( -0.179022 0.000000 0.000000 ))
(5.620600 ( -0.178603 0.000000 0.000000 ))
(5.636300 ( -0.178064 0.000000 0.000000 ))
(5.652000 ( -0.177526 0.000000 0.000000 ))
(5.667700 ( -0.176870 0.000000 0.000000 ))
(5.683400 ( -0.176213 0.000000 0.000000 ))
(5.699100 ( -0.175440 0.000000 0.000000 ))
(5.714800 ( -0.174666 0.000000 0.000000 ))
(5.730500 ( -0.173778 0.000000 0.000000 ))
(5.746200 ( -0.172889 0.000000 0.000000 ))
(5.761900 ( -0.171886 0.000000 0.000000 ))
(5.777600 ( -0.170883 0.000000 0.000000 ))
(5.793300 ( -0.169767 0.000000 0.000000 ))
(5.809000 ( -0.168652 0.000000 0.000000 ))
(5.824700 ( -0.167424 0.000000 0.000000 ))
(5.840400 ( -0.166197 0.000000 0.000000 ))
(5.856100 ( -0.164860 0.000000 0.000000 ))
(5.871800 ( -0.163522 0.000000 0.000000 ))
(5.887500 ( -0.162076 0.000000 0.000000 ))
(5.903200 ( -0.160630 0.000000 0.000000 ))
(5.918900 ( -0.159077 0.000000 0.000000 ))
(5.934600 ( -0.157524 0.000000 0.000000 ))
(5.950300 ( -0.155866 0.000000 0.000000 ))
(5.966000 ( -0.154207 0.000000 0.000000 ))
(5.981700 ( -0.152445 0.000000 0.000000 ))
(5.997400 ( -0.150682 0.000000 0.000000 ))
(6.013100 ( -0.148818 0.000000 0.000000 ))
(6.028800 ( -0.146953 0.000000 0.000000 ))
(6.044500 ( -0.144988 0.000000 0.000000 ))
(6.060200 ( -0.143024 0.000000 0.000000 ))
(6.075900 ( -0.140961 0.000000 0.000000 ))
(6.091600 ( -0.138898 0.000000 0.000000 ))
(6.107300 ( -0.136739 0.000000 0.000000 ))
(6.123000 ( -0.134581 0.000000 0.000000 ))
(6.138700 ( -0.132328 0.000000 0.000000 ))
(6.154400 ( -0.130076 0.000000 0.000000 ))
(6.170100 ( -0.127732 0.000000 0.000000 ))
(6.185800 ( -0.125389 0.000000 0.000000 ))
(6.201500 ( -0.122956 0.000000 0.000000 ))
(6.217200 ( -0.120524 0.000000 0.000000 ))
(6.232900 ( -0.118006 0.000000 0.000000 ))
(6.248600 ( -0.115488 0.000000 0.000000 ))
(6.264300 ( -0.112888 0.000000 0.000000 ))
(6.280000 ( -0.110287 0.000000 0.000000 ))
(6.295700 ( -0.107607 0.000000 0.000000 ))
(6.311400 ( -0.104927 0.000000 0.000000 ))
(6.327100 ( -0.102170 0.000000 0.000000 ))
(6.342800 ( -0.099414 0.000000 0.000000 ))
(6.358500 ( -0.096585 0.000000 0.000000 ))
(6.374200 ( -0.093756 0.000000 0.000000 ))
(6.389900 ( -0.090858 0.000000 0.000000 ))
(6.405600 ( -0.087960 0.000000 0.000000 ))
(6.421300 ( -0.084998 0.000000 0.000000 ))
(6.437000 ( -0.082036 0.000000 0.000000 ))
(6.452700 ( -0.079012 0.000000 0.000000 ))
(6.468400 ( -0.075989 0.000000 0.000000 ))
(6.484100 ( -0.072910 0.000000 0.000000 ))
(6.499800 ( -0.069831 0.000000 0.000000 ))
(6.515500 ( -0.066700 0.000000 0.000000 ))
(6.531200 ( -0.063570 0.000000 0.000000 ))
(6.546900 ( -0.060392 0.000000 0.000000 ))
(6.562600 ( -0.057215 0.000000 0.000000 ))
(6.578300 ( -0.053995 0.000000 0.000000 ))
(6.594000 ( -0.050776 0.000000 0.000000 ))
(6.609700 ( -0.047520 0.000000 0.000000 ))
(6.625400 ( -0.044264 0.000000 0.000000 ))
(6.641100 ( -0.040977 0.000000 0.000000 ))
(6.656800 ( -0.037689 0.000000 0.000000 ))
(6.672500 ( -0.034377 0.000000 0.000000 ))
(6.688200 ( -0.031064 0.000000 0.000000 ))
(6.703900 ( -0.027731 0.000000 0.000000 ))
(6.719600 ( -0.024398 0.000000 0.000000 ))
(6.735300 ( -0.021051 0.000000 0.000000 ))
(6.751000 ( -0.017704 0.000000 0.000000 ))
(6.766700 ( -0.014349 0.000000 0.000000 ))
(6.782400 ( -0.010995 0.000000 0.000000 ))
(6.798100 ( -0.007638 0.000000 0.000000 ))
(6.813800 ( -0.004282 0.000000 0.000000 ))
(6.829500 ( -0.000930 0.000000 0.000000 ))
(6.845200 ( 0.002422 0.000000 0.000000 ))
(6.860900 ( 0.005763 0.000000 0.000000 ))
(6.876600 ( 0.009103 0.000000 0.000000 ))
(6.892300 ( 0.012427 0.000000 0.000000 ))
(6.908000 ( 0.015750 0.000000 0.000000 ))
(6.923700 ( 0.019049 0.000000 0.000000 ))
(6.939400 ( 0.022348 0.000000 0.000000 ))
(6.955100 ( 0.025616 0.000000 0.000000 ))
(6.970800 ( 0.028885 0.000000 0.000000 ))
(6.986500 ( 0.032115 0.000000 0.000000 ))
(7.002200 ( 0.035346 0.000000 0.000000 ))
(7.017900 ( 0.038533 0.000000 0.000000 ))
(7.033600 ( 0.041721 0.000000 0.000000 ))
(7.049300 ( 0.044857 0.000000 0.000000 ))
(7.065000 ( 0.047994 0.000000 0.000000 ))
(7.080700 ( 0.051074 0.000000 0.000000 ))
(7.096400 ( 0.054154 0.000000 0.000000 ))
(7.112100 ( 0.057171 0.000000 0.000000 ))
(7.127800 ( 0.060188 0.000000 0.000000 ))
(7.143500 ( 0.063136 0.000000 0.000000 ))
(7.159200 ( 0.066083 0.000000 0.000000 ))
(7.174900 ( 0.068956 0.000000 0.000000 ))
(7.190600 ( 0.071829 0.000000 0.000000 ))
(7.206300 ( 0.074621 0.000000 0.000000 ))
(7.222000 ( 0.077413 0.000000 0.000000 ))
(7.237700 ( 0.080119 0.000000 0.000000 ))
(7.253400 ( 0.082825 0.000000 0.000000 ))
(7.269100 ( 0.085439 0.000000 0.000000 ))
(7.284800 ( 0.088053 0.000000 0.000000 ))
(7.300500 ( 0.090571 0.000000 0.000000 ))
(7.316200 ( 0.093088 0.000000 0.000000 ))
(7.331900 ( 0.095505 0.000000 0.000000 ))
(7.347600 ( 0.097921 0.000000 0.000000 ))
(7.363300 ( 0.100232 0.000000 0.000000 ))
(7.379000 ( 0.102542 0.000000 0.000000 ))
(7.394700 ( 0.104743 0.000000 0.000000 ))
(7.410400 ( 0.106943 0.000000 0.000000 ))
(7.426100 ( 0.109030 0.000000 0.000000 ))
(7.441800 ( 0.111117 0.000000 0.000000 ))
(7.457500 ( 0.113087 0.000000 0.000000 ))
(7.473200 ( 0.115057 0.000000 0.000000 ))
(7.488900 ( 0.116907 0.000000 0.000000 ))
(7.504600 ( 0.118757 0.000000 0.000000 ))
(7.520300 ( 0.120483 0.000000 0.000000 ))
(7.536000 ( 0.122210 0.000000 0.000000 ))
(7.551700 ( 0.123811 0.000000 0.000000 ))
(7.567400 ( 0.125413 0.000000 0.000000 ))
(7.583100 ( 0.126887 0.000000 0.000000 ))
(7.598800 ( 0.128361 0.000000 0.000000 ))
(7.614500 ( 0.129707 0.000000 0.000000 ))
(7.630200 ( 0.131052 0.000000 0.000000 ))
(7.645900 ( 0.132267 0.000000 0.000000 ))
(7.661600 ( 0.133483 0.000000 0.000000 ))
(7.677300 ( 0.134568 0.000000 0.000000 ))
(7.693000 ( 0.135652 0.000000 0.000000 ))
(7.708700 ( 0.136606 0.000000 0.000000 ))
(7.724400 ( 0.137560 0.000000 0.000000 ))
(7.740100 ( 0.138382 0.000000 0.000000 ))
(7.755800 ( 0.139205 0.000000 0.000000 ))
(7.771500 ( 0.139897 0.000000 0.000000 ))
(7.787200 ( 0.140589 0.000000 0.000000 ))
(7.802900 ( 0.141151 0.000000 0.000000 ))
(7.818600 ( 0.141713 0.000000 0.000000 ))
(7.834300 ( 0.142146 0.000000 0.000000 ))
(7.850000 ( 0.142579 0.000000 0.000000 ))
(7.865700 ( 0.142885 0.000000 0.000000 ))
(7.881400 ( 0.143191 0.000000 0.000000 ))
(7.897100 ( 0.143371 0.000000 0.000000 ))
(7.912800 ( 0.143552 0.000000 0.000000 ))
(7.928500 ( 0.143609 0.000000 0.000000 ))
(7.944200 ( 0.143665 0.000000 0.000000 ))
(7.959900 ( 0.143601 0.000000 0.000000 ))
(7.975600 ( 0.143537 0.000000 0.000000 ))
(7.991300 ( 0.143354 0.000000 0.000000 ))
(8.007000 ( 0.143171 0.000000 0.000000 ))
(8.022700 ( 0.142872 0.000000 0.000000 ))
(8.038400 ( 0.142573 0.000000 0.000000 ))
(8.054100 ( 0.142160 0.000000 0.000000 ))
(8.069800 ( 0.141748 0.000000 0.000000 ))
(8.085500 ( 0.141226 0.000000 0.000000 ))
(8.101200 ( 0.140704 0.000000 0.000000 ))
(8.116900 ( 0.140075 0.000000 0.000000 ))
(8.132600 ( 0.139446 0.000000 0.000000 ))
(8.148300 ( 0.138714 0.000000 0.000000 ))
(8.164000 ( 0.137981 0.000000 0.000000 ))
(8.179700 ( 0.137149 0.000000 0.000000 ))
(8.195400 ( 0.136316 0.000000 0.000000 ))
(8.211100 ( 0.135387 0.000000 0.000000 ))
(8.226800 ( 0.134457 0.000000 0.000000 ))
(8.242500 ( 0.133435 0.000000 0.000000 ))
(8.258200 ( 0.132413 0.000000 0.000000 ))
(8.273900 ( 0.131301 0.000000 0.000000 ))
(8.289600 ( 0.130189 0.000000 0.000000 ))
(8.305300 ( 0.128991 0.000000 0.000000 ))
(8.321000 ( 0.127793 0.000000 0.000000 ))
(8.336700 ( 0.126514 0.000000 0.000000 ))
(8.352400 ( 0.125234 0.000000 0.000000 ))
(8.368100 ( 0.123876 0.000000 0.000000 ))
(8.383800 ( 0.122518 0.000000 0.000000 ))
(8.399500 ( 0.121087 0.000000 0.000000 ))
(8.415200 ( 0.119655 0.000000 0.000000 ))
(8.430900 ( 0.118153 0.000000 0.000000 ))
(8.446600 ( 0.116651 0.000000 0.000000 ))
(8.462300 ( 0.115084 0.000000 0.000000 ))
(8.478000 ( 0.113516 0.000000 0.000000 ))
(8.493700 ( 0.111887 0.000000 0.000000 ))
(8.509400 ( 0.110259 0.000000 0.000000 ))
(8.525100 ( 0.108573 0.000000 0.000000 ))
(8.540800 ( 0.106888 0.000000 0.000000 ))
(8.556500 ( 0.105150 0.000000 0.000000 ))
(8.572200 ( 0.103413 0.000000 0.000000 ))
(8.587900 ( 0.101628 0.000000 0.000000 ))
(8.603600 ( 0.099844 0.000000 0.000000 ))
(8.619300 ( 0.098017 0.000000 0.000000 ))
(8.635000 ( 0.096191 0.000000 0.000000 ))
(8.650700 ( 0.094327 0.000000 0.000000 ))
(8.666400 ( 0.092464 0.000000 0.000000 ))
(8.682100 ( 0.090568 0.000000 0.000000 ))
(8.697800 ( 0.088672 0.000000 0.000000 ))
(8.713500 ( 0.086750 0.000000 0.000000 ))
(8.729200 ( 0.084828 0.000000 0.000000 ))
(8.744900 ( 0.082884 0.000000 0.000000 ))
(8.760600 ( 0.080940 0.000000 0.000000 ))
(8.776300 ( 0.078979 0.000000 0.000000 ))
(8.792000 ( 0.077019 0.000000 0.000000 ))
(8.807700 ( 0.075046 0.000000 0.000000 ))
(8.823400 ( 0.073074 0.000000 0.000000 ))
(8.839100 ( 0.071095 0.000000 0.000000 ))
(8.854800 ( 0.069116 0.000000 0.000000 ))
(8.870500 ( 0.067135 0.000000 0.000000 ))
(8.886200 ( 0.065154 0.000000 0.000000 ))
(8.901900 ( 0.063175 0.000000 0.000000 ))
(8.917600 ( 0.061196 0.000000 0.000000 ))
(8.933300 ( 0.059224 0.000000 0.000000 ))
(8.949000 ( 0.057251 0.000000 0.000000 ))
(8.964700 ( 0.055289 0.000000 0.000000 ))
(8.980400 ( 0.053326 0.000000 0.000000 ))
(8.996100 ( 0.051378 0.000000 0.000000 ))
(9.011800 ( 0.049429 0.000000 0.000000 ))
(9.027500 ( 0.047497 0.000000 0.000000 ))
(9.043200 ( 0.045565 0.000000 0.000000 ))
(9.058900 ( 0.043653 0.000000 0.000000 ))
(9.074600 ( 0.041741 0.000000 0.000000 ))
(9.090300 ( 0.039851 0.000000 0.000000 ))
(9.106000 ( 0.037961 0.000000 0.000000 ))
(9.121700 ( 0.036095 0.000000 0.000000 ))
(9.137400 ( 0.034230 0.000000 0.000000 ))
(9.153100 ( 0.032390 0.000000 0.000000 ))
(9.168800 ( 0.030550 0.000000 0.000000 ))
(9.184500 ( 0.028738 0.000000 0.000000 ))
(9.200200 ( 0.026926 0.000000 0.000000 ))
(9.215900 ( 0.025143 0.000000 0.000000 ))
(9.231600 ( 0.023360 0.000000 0.000000 ))
(9.247300 ( 0.021607 0.000000 0.000000 ))
(9.263000 ( 0.019854 0.000000 0.000000 ))
(9.278700 ( 0.018132 0.000000 0.000000 ))
(9.294400 ( 0.016410 0.000000 0.000000 ))
(9.310100 ( 0.014720 0.000000 0.000000 ))
(9.325800 ( 0.013030 0.000000 0.000000 ))
(9.341500 ( 0.011372 0.000000 0.000000 ))
(9.357200 ( 0.009715 0.000000 0.000000 ))
(9.372900 ( 0.008090 0.000000 0.000000 ))
(9.388600 ( 0.006466 0.000000 0.000000 ))
(9.404300 ( 0.004875 0.000000 0.000000 ))
(9.420000 ( 0.003284 0.000000 0.000000 ))
(9.435700 ( 0.001728 0.000000 0.000000 ))
(9.451400 ( 0.000172 0.000000 0.000000 ))
(9.467100 ( -0.001348 0.000000 0.000000 ))
(9.482800 ( -0.002869 0.000000 0.000000 ))
(9.498500 ( -0.004354 0.000000 0.000000 ))
(9.514200 ( -0.005838 0.000000 0.000000 ))
(9.529900 ( -0.007285 0.000000 0.000000 ))
(9.545600 ( -0.008733 0.000000 0.000000 ))
(9.561300 ( -0.010142 0.000000 0.000000 ))
(9.577000 ( -0.011551 0.000000 0.000000 ))
(9.592700 ( -0.012921 0.000000 0.000000 ))
(9.608400 ( -0.014292 0.000000 0.000000 ))
(9.624100 ( -0.015621 0.000000 0.000000 ))
(9.639800 ( -0.016951 0.000000 0.000000 ))
(9.655500 ( -0.018240 0.000000 0.000000 ))
(9.671200 ( -0.019529 0.000000 0.000000 ))
(9.686900 ( -0.020775 0.000000 0.000000 ))
(9.702600 ( -0.022022 0.000000 0.000000 ))
(9.718300 ( -0.023225 0.000000 0.000000 ))
(9.734000 ( -0.024428 0.000000 0.000000 ))
(9.749700 ( -0.025586 0.000000 0.000000 ))
(9.765400 ( -0.026745 0.000000 0.000000 ))
(9.781100 ( -0.027858 0.000000 0.000000 ))
(9.796800 ( -0.028972 0.000000 0.000000 ))
(9.812500 ( -0.030039 0.000000 0.000000 ))
(9.828200 ( -0.031106 0.000000 0.000000 ))
(9.843900 ( -0.032127 0.000000 0.000000 ))
(9.859600 ( -0.033147 0.000000 0.000000 ))
(9.875300 ( -0.034120 0.000000 0.000000 ))
(9.891000 ( -0.035092 0.000000 0.000000 ))
(9.906700 ( -0.036017 0.000000 0.000000 ))
(9.922400 ( -0.036941 0.000000 0.000000 ))
(9.938100 ( -0.037817 0.000000 0.000000 ))
(9.953800 ( -0.038693 0.000000 0.000000 ))
(9.969500 ( -0.039519 0.000000 0.000000 ))
(9.985200 ( -0.040346 0.000000 0.000000 ))
(10.000900 ( -0.041123 0.000000 0.000000 ))
(10.016600 ( -0.041901 0.000000 0.000000 ))
(10.032300 ( -0.042629 0.000000 0.000000 ))
(10.048000 ( -0.043357 0.000000 0.000000 ))
(10.063700 ( -0.044035 0.000000 0.000000 ))
(10.079400 ( -0.044713 0.000000 0.000000 ))
(10.095100 ( -0.045342 0.000000 0.000000 ))
(10.110800 ( -0.045971 0.000000 0.000000 ))
(10.126500 ( -0.046551 0.000000 0.000000 ))
(10.142200 ( -0.047130 0.000000 0.000000 ))
(10.157900 ( -0.047661 0.000000 0.000000 ))
(10.173600 ( -0.048191 0.000000 0.000000 ))
(10.189300 ( -0.048673 0.000000 0.000000 ))
(10.205000 ( -0.049155 0.000000 0.000000 ))
(10.220700 ( -0.049588 0.000000 0.000000 ))
(10.236400 ( -0.050022 0.000000 0.000000 ))
(10.252100 ( -0.050408 0.000000 0.000000 ))
(10.267800 ( -0.050795 0.000000 0.000000 ))
(10.283500 ( -0.051134 0.000000 0.000000 ))
(10.299200 ( -0.051474 0.000000 0.000000 ))
(10.314900 ( -0.051767 0.000000 0.000000 ))
(10.330600 ( -0.052061 0.000000 0.000000 ))
(10.346300 ( -0.052309 0.000000 0.000000 ))
(10.362000 ( -0.052558 0.000000 0.000000 ))
(10.377700 ( -0.052762 0.000000 0.000000 ))
(10.393400 ( -0.052967 0.000000 0.000000 ))
(10.409100 ( -0.053128 0.000000 0.000000 ))
(10.424800 ( -0.053289 0.000000 0.000000 ))
(10.440500 ( -0.053408 0.000000 0.000000 ))
(10.456200 ( -0.053527 0.000000 0.000000 ))
(10.471900 ( -0.053605 0.000000 0.000000 ))
(10.487600 ( -0.053682 0.000000 0.000000 ))
(10.503300 ( -0.053719 0.000000 0.000000 ))
(10.519000 ( -0.053756 0.000000 0.000000 ))
(10.534700 ( -0.053753 0.000000 0.000000 ))
(10.550400 ( -0.053750 0.000000 0.000000 ))
(10.566100 ( -0.053707 0.000000 0.000000 ))
(10.581800 ( -0.053665 0.000000 0.000000 ))
(10.597500 ( -0.053583 0.000000 0.000000 ))
(10.613200 ( -0.053502 0.000000 0.000000 ))
(10.628900 ( -0.053382 0.000000 0.000000 ))
(10.644600 ( -0.053261 0.000000 0.000000 ))
(10.660300 ( -0.053103 0.000000 0.000000 ))
(10.676000 ( -0.052944 0.000000 0.000000 ))
(10.691700 ( -0.052747 0.000000 0.000000 ))
(10.707400 ( -0.052550 0.000000 0.000000 ))
(10.723100 ( -0.052315 0.000000 0.000000 ))
(10.738800 ( -0.052080 0.000000 0.000000 ))
(10.754500 ( -0.051806 0.000000 0.000000 ))
(10.770200 ( -0.051533 0.000000 0.000000 ))
(10.785900 ( -0.051222 0.000000 0.000000 ))
(10.801600 ( -0.050910 0.000000 0.000000 ))
(10.817300 ( -0.050561 0.000000 0.000000 ))
(10.833000 ( -0.050211 0.000000 0.000000 ))
(10.848700 ( -0.049824 0.000000 0.000000 ))
(10.864400 ( -0.049437 0.000000 0.000000 ))
(10.880100 ( -0.049013 0.000000 0.000000 ))
(10.895800 ( -0.048589 0.000000 0.000000 ))
(10.911500 ( -0.048128 0.000000 0.000000 ))
(10.927200 ( -0.047667 0.000000 0.000000 ))
(10.942900 ( -0.047170 0.000000 0.000000 ))
(10.958600 ( -0.046672 0.000000 0.000000 ))
(10.974300 ( -0.046140 0.000000 0.000000 ))
(10.990000 ( -0.045608 0.000000 0.000000 ))
(11.005700 ( -0.045042 0.000000 0.000000 ))
(11.021400 ( -0.044476 0.000000 0.000000 ))
(11.037100 ( -0.043877 0.000000 0.000000 ))
(11.052800 ( -0.043279 0.000000 0.000000 ))
(11.068500 ( -0.042650 0.000000 0.000000 ))
(11.084200 ( -0.042021 0.000000 0.000000 ))
(11.099900 ( -0.041363 0.000000 0.000000 ))
(11.115600 ( -0.040705 0.000000 0.000000 ))
(11.131300 ( -0.040021 0.000000 0.000000 ))
(11.147000 ( -0.039336 0.000000 0.000000 ))
(11.162700 ( -0.038628 0.000000 0.000000 ))
(11.178400 ( -0.037920 0.000000 0.000000 ))
(11.194100 ( -0.037191 0.000000 0.000000 ))
(11.209800 ( -0.036462 0.000000 0.000000 ))
(11.225500 ( -0.035715 0.000000 0.000000 ))
(11.241200 ( -0.034968 0.000000 0.000000 ))
(11.256900 ( -0.034206 0.000000 0.000000 ))
(11.272600 ( -0.033445 0.000000 0.000000 ))
(11.288300 ( -0.032671 0.000000 0.000000 ))
(11.304000 ( -0.031898 0.000000 0.000000 ))
(11.319700 ( -0.031117 0.000000 0.000000 ))
(11.335400 ( -0.030335 0.000000 0.000000 ))
(11.351100 ( -0.029550 0.000000 0.000000 ))
(11.366800 ( -0.028764 0.000000 0.000000 ))
(11.382500 ( -0.027977 0.000000 0.000000 ))
(11.398200 ( -0.027191 0.000000 0.000000 ))
(11.413900 ( -0.026406 0.000000 0.000000 ))
(11.429600 ( -0.025622 0.000000 0.000000 ))
(11.445300 ( -0.024844 0.000000 0.000000 ))
(11.461000 ( -0.024067 0.000000 0.000000 ))
(11.476700 ( -0.023298 0.000000 0.000000 ))
(11.492400 ( -0.022530 0.000000 0.000000 ))
(11.508100 ( -0.021774 0.000000 0.000000 ))
(11.523800 ( -0.021018 0.000000 0.000000 ))
(11.539500 ( -0.020279 0.000000 0.000000 ))
(11.555200 ( -0.019539 0.000000 0.000000 ))
(11.570900 ( -0.018818 0.000000 0.000000 ))
(11.586600 ( -0.018097 0.000000 0.000000 ))
(11.602300 ( -0.017398 0.000000 0.000000 ))
(11.618000 ( -0.016699 0.000000 0.000000 ))
(11.633700 ( -0.016024 0.000000 0.000000 ))
(11.649400 ( -0.015349 0.000000 0.000000 ))
(11.665100 ( -0.014701 0.000000 0.000000 ))
(11.680800 ( -0.014053 0.000000 0.000000 ))
(11.696500 ( -0.013434 0.000000 0.000000 ))
(11.712200 ( -0.012815 0.000000 0.000000 ))
(11.727900 ( -0.012226 0.000000 0.000000 ))
(11.743600 ( -0.011638 0.000000 0.000000 ))
(11.759300 ( -0.011083 0.000000 0.000000 ))
(11.775000 ( -0.010527 0.000000 0.000000 ))
(11.790700 ( -0.010006 0.000000 0.000000 ))
(11.806400 ( -0.009484 0.000000 0.000000 ))
(11.822100 ( -0.008999 0.000000 0.000000 ))
(11.837800 ( -0.008513 0.000000 0.000000 ))
(11.853500 ( -0.008063 0.000000 0.000000 ))
(11.869200 ( -0.007614 0.000000 0.000000 ))
(11.884900 ( -0.007202 0.000000 0.000000 ))
(11.900600 ( -0.006790 0.000000 0.000000 ))
(11.916300 ( -0.006415 0.000000 0.000000 ))
(11.932000 ( -0.006041 0.000000 0.000000 ))
(11.947700 ( -0.005704 0.000000 0.000000 ))
(11.963400 ( -0.005367 0.000000 0.000000 ))
(11.979100 ( -0.005069 0.000000 0.000000 ))
(11.994800 ( -0.004770 0.000000 0.000000 ))
(12.010500 ( -0.004508 0.000000 0.000000 ))
(12.026200 ( -0.004247 0.000000 0.000000 ))
(12.041900 ( -0.004021 0.000000 0.000000 ))
(12.057600 ( -0.003796 0.000000 0.000000 ))
(12.073300 ( -0.003607 0.000000 0.000000 ))
(12.089000 ( -0.003417 0.000000 0.000000 ))
(12.104700 ( -0.003262 0.000000 0.000000 ))
(12.120400 ( -0.003107 0.000000 0.000000 ))
(12.136100 ( -0.002985 0.000000 0.000000 ))
(12.151800 ( -0.002862 0.000000 0.000000 ))
(12.167500 ( -0.002771 0.000000 0.000000 ))
(12.183200 ( -0.002680 0.000000 0.000000 ))
(12.198900 ( -0.002618 0.000000 0.000000 ))
(12.214600 ( -0.002556 0.000000 0.000000 ))
(12.230300 ( -0.002521 0.000000 0.000000 ))
(12.246000 ( -0.002487 0.000000 0.000000 ))
(12.261700 ( -0.002477 0.000000 0.000000 ))
(12.277400 ( -0.002468 0.000000 0.000000 ))
(12.293100 ( -0.002481 0.000000 0.000000 ))
(12.308800 ( -0.002494 0.000000 0.000000 ))
(12.324500 ( -0.002528 0.000000 0.000000 ))
(12.340200 ( -0.002561 0.000000 0.000000 ))
(12.355900 ( -0.002612 0.000000 0.000000 ))
(12.371600 ( -0.002663 0.000000 0.000000 ))
(12.387300 ( -0.002730 0.000000 0.000000 ))
(12.403000 ( -0.002796 0.000000 0.000000 ))
(12.418700 ( -0.002874 0.000000 0.000000 ))
(12.434400 ( -0.002952 0.000000 0.000000 ))
(12.450100 ( -0.003039 0.000000 0.000000 ))
(12.465800 ( -0.003127 0.000000 0.000000 ))
(12.481500 ( -0.003220 0.000000 0.000000 ))
(12.497200 ( -0.003313 0.000000 0.000000 ))
(12.512900 ( -0.003409 0.000000 0.000000 ))
(12.528600 ( -0.003505 0.000000 0.000000 ))
(12.544300 ( -0.003601 0.000000 0.000000 ))
(12.560000 ( -0.003697 0.000000 0.000000 ))
(12.575700 ( -0.003789 0.000000 0.000000 ))
(12.591400 ( -0.003881 0.000000 0.000000 ))
(12.607100 ( -0.003966 0.000000 0.000000 ))
(12.622800 ( -0.004052 0.000000 0.000000 ))
(12.638500 ( -0.004127 0.000000 0.000000 ))
(12.654200 ( -0.004203 0.000000 0.000000 ))
(12.669900 ( -0.004266 0.000000 0.000000 ))
(12.685600 ( -0.004330 0.000000 0.000000 ))
(12.701300 ( -0.004378 0.000000 0.000000 ))
(12.717000 ( -0.004426 0.000000 0.000000 ))
(12.732700 ( -0.004457 0.000000 0.000000 ))
(12.748400 ( -0.004488 0.000000 0.000000 ))
(12.764100 ( -0.004499 0.000000 0.000000 ))
(12.779800 ( -0.004510 0.000000 0.000000 ))
(12.795500 ( -0.004499 0.000000 0.000000 ))
(12.811200 ( -0.004489 0.000000 0.000000 ))
(12.826900 ( -0.004455 0.000000 0.000000 ))
(12.842600 ( -0.004421 0.000000 0.000000 ))
(12.858300 ( -0.004363 0.000000 0.000000 ))
(12.874000 ( -0.004305 0.000000 0.000000 ))
(12.889700 ( -0.004221 0.000000 0.000000 ))
(12.905400 ( -0.004137 0.000000 0.000000 ))
(12.921100 ( -0.004026 0.000000 0.000000 ))
(12.936800 ( -0.003916 0.000000 0.000000 ))
(12.952500 ( -0.003779 0.000000 0.000000 ))
(12.968200 ( -0.003642 0.000000 0.000000 ))
(12.983900 ( -0.003477 0.000000 0.000000 ))
(12.999600 ( -0.003313 0.000000 0.000000 ))
(13.015300 ( -0.003121 0.000000 0.000000 ))
(13.031000 ( -0.002930 0.000000 0.000000 ))
(13.046700 ( -0.002712 0.000000 0.000000 ))
(13.062400 ( -0.002494 0.000000 0.000000 ))
(13.078100 ( -0.002250 0.000000 0.000000 ))
(13.093800 ( -0.002006 0.000000 0.000000 ))
(13.109500 ( -0.001737 0.000000 0.000000 ))
(13.125200 ( -0.001468 0.000000 0.000000 ))
(13.140900 ( -0.001176 0.000000 0.000000 ))
(13.156600 ( -0.000884 0.000000 0.000000 ))
(13.172300 ( -0.000569 0.000000 0.000000 ))
(13.188000 ( -0.000255 0.000000 0.000000 ))
(13.203700 ( 0.000080 0.000000 0.000000 ))
(13.219400 ( 0.000414 0.000000 0.000000 ))
(13.235100 ( 0.000767 0.000000 0.000000 ))
(13.250800 ( 0.001120 0.000000 0.000000 ))
(13.266500 ( 0.001489 0.000000 0.000000 ))
(13.282200 ( 0.001857 0.000000 0.000000 ))
(13.297900 ( 0.002240 0.000000 0.000000 ))
(13.313600 ( 0.002622 0.000000 0.000000 ))
(13.329300 ( 0.003015 0.000000 0.000000 ))
(13.345000 ( 0.003408 0.000000 0.000000 ))
(13.360700 ( 0.003808 0.000000 0.000000 ))
(13.376400 ( 0.004209 0.000000 0.000000 ))
(13.392100 ( 0.004615 0.000000 0.000000 ))
(13.407800 ( 0.005021 0.000000 0.000000 ))
(13.423500 ( 0.005429 0.000000 0.000000 ))
(13.439200 ( 0.005837 0.000000 0.000000 ))
(13.454900 ( 0.006245 0.000000 0.000000 ))
(13.470600 ( 0.006652 0.000000 0.000000 ))
(13.486300 ( 0.007055 0.000000 0.000000 ))
(13.502000 ( 0.007459 0.000000 0.000000 ))
(13.517700 ( 0.007855 0.000000 0.000000 ))
(13.533400 ( 0.008252 0.000000 0.000000 ))
(13.549100 ( 0.008638 0.000000 0.000000 ))
(13.564800 ( 0.009025 0.000000 0.000000 ))
(13.580500 ( 0.009400 0.000000 0.000000 ))
(13.596200 ( 0.009774 0.000000 0.000000 ))
(13.611900 ( 0.010133 0.000000 0.000000 ))
(13.627600 ( 0.010492 0.000000 0.000000 ))
(13.643300 ( 0.010833 0.000000 0.000000 ))
(13.659000 ( 0.011174 0.000000 0.000000 ))
(13.674700 ( 0.011495 0.000000 0.000000 ))
(13.690400 ( 0.011815 0.000000 0.000000 ))
(13.706100 ( 0.012112 0.000000 0.000000 ))
(13.721800 ( 0.012409 0.000000 0.000000 ))
(13.737500 ( 0.012681 0.000000 0.000000 ))
(13.753200 ( 0.012952 0.000000 0.000000 ))
(13.768900 ( 0.013196 0.000000 0.000000 ))
(13.784600 ( 0.013440 0.000000 0.000000 ))
(13.800300 ( 0.013654 0.000000 0.000000 ))
(13.816000 ( 0.013868 0.000000 0.000000 ))
(13.831700 ( 0.014051 0.000000 0.000000 ))
(13.847400 ( 0.014234 0.000000 0.000000 ))
(13.863100 ( 0.014384 0.000000 0.000000 ))
(13.878800 ( 0.014534 0.000000 0.000000 ))
(13.894500 ( 0.014650 0.000000 0.000000 ))
(13.910200 ( 0.014766 0.000000 0.000000 ))
(13.925900 ( 0.014847 0.000000 0.000000 ))
(13.941600 ( 0.014929 0.000000 0.000000 ))
(13.957300 ( 0.014975 0.000000 0.000000 ))
(13.973000 ( 0.015021 0.000000 0.000000 ))
(13.988700 ( 0.015032 0.000000 0.000000 ))
(14.004400 ( 0.015042 0.000000 0.000000 ))
(14.020100 ( 0.015018 0.000000 0.000000 ))
(14.035800 ( 0.014993 0.000000 0.000000 ))
(14.051500 ( 0.014933 0.000000 0.000000 ))
(14.067200 ( 0.014874 0.000000 0.000000 ))
(14.082900 ( 0.014781 0.000000 0.000000 ))
(14.098600 ( 0.014687 0.000000 0.000000 ))
(14.114300 ( 0.014561 0.000000 0.000000 ))
(14.130000 ( 0.014435 0.000000 0.000000 ))
(14.145700 ( 0.014277 0.000000 0.000000 ))
(14.161400 ( 0.014119 0.000000 0.000000 ))
(14.177100 ( 0.013932 0.000000 0.000000 ))
(14.192800 ( 0.013745 0.000000 0.000000 ))
(14.208500 ( 0.013530 0.000000 0.000000 ))
(14.224200 ( 0.013315 0.000000 0.000000 ))
(14.239900 ( 0.013075 0.000000 0.000000 ))
(14.255600 ( 0.012835 0.000000 0.000000 ))
(14.271300 ( 0.012573 0.000000 0.000000 ))
(14.287000 ( 0.012310 0.000000 0.000000 ))
(14.302700 ( 0.012027 0.000000 0.000000 ))
(14.318400 ( 0.011745 0.000000 0.000000 ))
(14.334100 ( 0.011445 0.000000 0.000000 ))
(14.349800 ( 0.011145 0.000000 0.000000 ))
(14.365500 ( 0.010830 0.000000 0.000000 ))
(14.381200 ( 0.010515 0.000000 0.000000 ))
(14.396900 ( 0.010189 0.000000 0.000000 ))
(14.412600 ( 0.009862 0.000000 0.000000 ))
(14.428300 ( 0.009525 0.000000 0.000000 ))
(14.444000 ( 0.009189 0.000000 0.000000 ))
(14.459700 ( 0.008846 0.000000 0.000000 ))
(14.475400 ( 0.008502 0.000000 0.000000 ))
(14.491100 ( 0.008154 0.000000 0.000000 ))
(14.506800 ( 0.007806 0.000000 0.000000 ))
(14.522500 ( 0.007455 0.000000 0.000000 ))
(14.538200 ( 0.007104 0.000000 0.000000 ))
(14.553900 ( 0.006752 0.000000 0.000000 ))
(14.569600 ( 0.006400 0.000000 0.000000 ))
(14.585300 ( 0.006049 0.000000 0.000000 ))
(14.601000 ( 0.005698 0.000000 0.000000 ))
(14.616700 ( 0.005349 0.000000 0.000000 ))
(14.632400 ( 0.004999 0.000000 0.000000 ))
(14.648100 ( 0.004654 0.000000 0.000000 ))
(14.663800 ( 0.004308 0.000000 0.000000 ))
(14.679500 ( 0.003966 0.000000 0.000000 ))
(14.695200 ( 0.003625 0.000000 0.000000 ))
(14.710900 ( 0.003289 0.000000 0.000000 ))
(14.726600 ( 0.002953 0.000000 0.000000 ))
(14.742300 ( 0.002623 0.000000 0.000000 ))
(14.758000 ( 0.002293 0.000000 0.000000 ))
(14.773700 ( 0.001970 0.000000 0.000000 ))
(14.789400 ( 0.001648 0.000000 0.000000 ))
(14.805100 ( 0.001333 0.000000 0.000000 ))
(14.820800 ( 0.001018 0.000000 0.000000 ))
(14.836500 ( 0.000711 0.000000 0.000000 ))
(14.852200 ( 0.000404 0.000000 0.000000 ))
(14.867900 ( 0.000107 0.000000 0.000000 ))
(14.883600 ( -0.000191 0.000000 0.000000 ))
(14.899300 ( -0.000478 0.000000 0.000000 ))
(14.915000 ( -0.000766 0.000000 0.000000 ))
(14.930700 ( -0.001044 0.000000 0.000000 ))
(14.946400 ( -0.001322 0.000000 0.000000 ))
(14.962100 ( -0.001589 0.000000 0.000000 ))
(14.977800 ( -0.001856 0.000000 0.000000 ))
(14.993500 ( -0.002112 0.000000 0.000000 ))
(15.009200 ( -0.002368 0.000000 0.000000 ))
(15.024900 ( -0.002612 0.000000 0.000000 ))
(15.040600 ( -0.002856 0.000000 0.000000 ))
(15.056300 ( -0.003089 0.000000 0.000000 ))
(15.072000 ( -0.003322 0.000000 0.000000 ))
(15.087700 ( -0.003542 0.000000 0.000000 ))
(15.103400 ( -0.003763 0.000000 0.000000 ))
(15.119100 ( -0.003971 0.000000 0.000000 ))
(15.134800 ( -0.004180 0.000000 0.000000 ))
(15.150500 ( -0.004376 0.000000 0.000000 ))
(15.166200 ( -0.004572 0.000000 0.000000 ))
(15.181900 ( -0.004755 0.000000 0.000000 ))
(15.197600 ( -0.004939 0.000000 0.000000 ))
(15.213300 ( -0.005110 0.000000 0.000000 ))
(15.229000 ( -0.005281 0.000000 0.000000 ))
(15.244700 ( -0.005439 0.000000 0.000000 ))
(15.260400 ( -0.005597 0.000000 0.000000 ))
(15.276100 ( -0.005743 0.000000 0.000000 ))
(15.291800 ( -0.005889 0.000000 0.000000 ))
(15.307500 ( -0.006023 0.000000 0.000000 ))
(15.323200 ( -0.006156 0.000000 0.000000 ))
(15.338900 ( -0.006277 0.000000 0.000000 ))
(15.354600 ( -0.006399 0.000000 0.000000 ))
(15.370300 ( -0.006508 0.000000 0.000000 ))
(15.386000 ( -0.006617 0.000000 0.000000 ))
(15.401700 ( -0.006714 0.000000 0.000000 ))
(15.417400 ( -0.006811 0.000000 0.000000 ))
(15.433100 ( -0.006896 0.000000 0.000000 ))
(15.448800 ( -0.006981 0.000000 0.000000 ))
(15.464500 ( -0.007054 0.000000 0.000000 ))
(15.480200 ( -0.007127 0.000000 0.000000 ))
(15.495900 ( -0.007189 0.000000 0.000000 ))
(15.511600 ( -0.007250 0.000000 0.000000 ))
(15.527300 ( -0.007301 0.000000 0.000000 ))
(15.543000 ( -0.007351 0.000000 0.000000 ))
(15.558700 ( -0.007390 0.000000 0.000000 ))
(15.574400 ( -0.007429 0.000000 0.000000 ))
(15.590100 ( -0.007457 0.000000 0.000000 ))
(15.605800 ( -0.007485 0.000000 0.000000 ))
(15.621500 ( -0.007502 0.000000 0.000000 ))
(15.637200 ( -0.007518 0.000000 0.000000 ))
(15.652900 ( -0.007524 0.000000 0.000000 ))
(15.668600 ( -0.007530 0.000000 0.000000 ))
(15.684300 ( -0.007525 0.000000 0.000000 ))
(15.700000 ( -0.007521 0.000000 0.000000 ))
(15.715700 ( -0.007505 0.000000 0.000000 ))
(15.731400 ( -0.007490 0.000000 0.000000 ))
(15.747100 ( -0.007464 0.000000 0.000000 ))
(15.762800 ( -0.007438 0.000000 0.000000 ))
(15.778500 ( -0.007401 0.000000 0.000000 ))
(15.794200 ( -0.007365 0.000000 0.000000 ))
(15.809900 ( -0.007319 0.000000 0.000000 ))
(15.825600 ( -0.007273 0.000000 0.000000 ))
(15.841300 ( -0.007217 0.000000 0.000000 ))
(15.857000 ( -0.007160 0.000000 0.000000 ))
(15.872700 ( -0.007095 0.000000 0.000000 ))
(15.888400 ( -0.007029 0.000000 0.000000 ))
(15.904100 ( -0.006954 0.000000 0.000000 ))
(15.919800 ( -0.006880 0.000000 0.000000 ))
(15.935500 ( -0.006796 0.000000 0.000000 ))
(15.951200 ( -0.006713 0.000000 0.000000 ))
(15.966900 ( -0.006622 0.000000 0.000000 ))
(15.982600 ( -0.006530 0.000000 0.000000 ))
(15.998300 ( -0.006432 0.000000 0.000000 ))
(16.014000 ( -0.006333 0.000000 0.000000 ))
(16.029700 ( -0.006228 0.000000 0.000000 ))
(16.045400 ( -0.006123 0.000000 0.000000 ))
(16.061100 ( -0.006013 0.000000 0.000000 ))
(16.076800 ( -0.005902 0.000000 0.000000 ))
(16.092500 ( -0.005787 0.000000 0.000000 ))
(16.108200 ( -0.005672 0.000000 0.000000 ))
(16.123900 ( -0.005554 0.000000 0.000000 ))
(16.139600 ( -0.005436 0.000000 0.000000 ))
(16.155300 ( -0.005315 0.000000 0.000000 ))
(16.171000 ( -0.005195 0.000000 0.000000 ))
(16.186700 ( -0.005073 0.000000 0.000000 ))
(16.202400 ( -0.004951 0.000000 0.000000 ))
(16.218100 ( -0.004830 0.000000 0.000000 ))
(16.233800 ( -0.004708 0.000000 0.000000 ))
(16.249500 ( -0.004588 0.000000 0.000000 ))
(16.265200 ( -0.004467 0.000000 0.000000 ))
(16.280900 ( -0.004349 0.000000 0.000000 ))
(16.296600 ( -0.004231 0.000000 0.000000 ))
(16.312300 ( -0.004115 0.000000 0.000000 ))
(16.328000 ( -0.004000 0.000000 0.000000 ))
(16.343700 ( -0.003889 0.000000 0.000000 ))
(16.359400 ( -0.003777 0.000000 0.000000 ))
(16.375100 ( -0.003670 0.000000 0.000000 ))
(16.390800 ( -0.003563 0.000000 0.000000 ))
(16.406500 ( -0.003462 0.000000 0.000000 ))
(16.422200 ( -0.003360 0.000000 0.000000 ))
(16.437900 ( -0.003263 0.000000 0.000000 ))
(16.453600 ( -0.003167 0.000000 0.000000 ))
(16.469300 ( -0.003077 0.000000 0.000000 ))
(16.485000 ( -0.002986 0.000000 0.000000 ))
(16.500700 ( -0.002902 0.000000 0.000000 ))
(16.516400 ( -0.002817 0.000000 0.000000 ))
(16.532100 ( -0.002739 0.000000 0.000000 ))
(16.547800 ( -0.002660 0.000000 0.000000 ))
(16.563500 ( -0.002588 0.000000 0.000000 ))
(16.579200 ( -0.002515 0.000000 0.000000 ))
(16.594900 ( -0.002449 0.000000 0.000000 ))
(16.610600 ( -0.002382 0.000000 0.000000 ))
(16.626300 ( -0.002322 0.000000 0.000000 ))
(16.642000 ( -0.002261 0.000000 0.000000 ))
(16.657700 ( -0.002206 0.000000 0.000000 ))
(16.673400 ( -0.002150 0.000000 0.000000 ))
(16.689100 ( -0.002100 0.000000 0.000000 ))
(16.704800 ( -0.002050 0.000000 0.000000 ))
(16.720500 ( -0.002005 0.000000 0.000000 ))
(16.736200 ( -0.001960 0.000000 0.000000 ))
(16.751900 ( -0.001918 0.000000 0.000000 ))
(16.767600 ( -0.001877 0.000000 0.000000 ))
(16.783300 ( -0.001840 0.000000 0.000000 ))
(16.799000 ( -0.001802 0.000000 0.000000 ))
(16.814700 ( -0.001768 0.000000 0.000000 ))
(16.830400 ( -0.001733 0.000000 0.000000 ))
(16.846100 ( -0.001701 0.000000 0.000000 ))
(16.861800 ( -0.001669 0.000000 0.000000 ))
(16.877500 ( -0.001638 0.000000 0.000000 ))
(16.893200 ( -0.001607 0.000000 0.000000 ))
(16.908900 ( -0.001576 0.000000 0.000000 ))
(16.924600 ( -0.001546 0.000000 0.000000 ))
(16.940300 ( -0.001516 0.000000 0.000000 ))
(16.956000 ( -0.001485 0.000000 0.000000 ))
(16.971700 ( -0.001453 0.000000 0.000000 ))
(16.987400 ( -0.001421 0.000000 0.000000 ))
(17.003100 ( -0.001387 0.000000 0.000000 ))
(17.018800 ( -0.001353 0.000000 0.000000 ))
(17.034500 ( -0.001316 0.000000 0.000000 ))
(17.050200 ( -0.001278 0.000000 0.000000 ))
(17.065900 ( -0.001237 0.000000 0.000000 ))
(17.081600 ( -0.001195 0.000000 0.000000 ))
(17.097300 ( -0.001148 0.000000 0.000000 ))
(17.113000 ( -0.001101 0.000000 0.000000 ))
(17.128700 ( -0.001048 0.000000 0.000000 ))
(17.144400 ( -0.000995 0.000000 0.000000 ))
(17.160100 ( -0.000934 0.000000 0.000000 ))
(17.175800 ( -0.000873 0.000000 0.000000 ))
(17.191500 ( -0.000804 0.000000 0.000000 ))
(17.207200 ( -0.000734 0.000000 0.000000 ))
(17.222900 ( -0.000655 0.000000 0.000000 ))
(17.238600 ( -0.000577 0.000000 0.000000 ))
(17.254300 ( -0.000487 0.000000 0.000000 ))
(17.270000 ( -0.000398 0.000000 0.000000 ))
(17.285700 ( -0.000298 0.000000 0.000000 ))
(17.301400 ( -0.000197 0.000000 0.000000 ))
(17.317100 ( -0.000085 0.000000 0.000000 ))
(17.332800 ( 0.000028 0.000000 0.000000 ))
(17.348500 ( 0.000153 0.000000 0.000000 ))
(17.364200 ( 0.000278 0.000000 0.000000 ))
(17.379900 ( 0.000417 0.000000 0.000000 ))
(17.395600 ( 0.000555 0.000000 0.000000 ))
(17.411300 ( 0.000707 0.000000 0.000000 ))
(17.427000 ( 0.000858 0.000000 0.000000 ))
(17.442700 ( 0.001023 0.000000 0.000000 ))
(17.458400 ( 0.001188 0.000000 0.000000 ))
(17.474100 ( 0.001366 0.000000 0.000000 ))
(17.489800 ( 0.001543 0.000000 0.000000 ))
(17.505500 ( 0.001733 0.000000 0.000000 ))
(17.521200 ( 0.001923 0.000000 0.000000 ))
(17.536900 ( 0.002125 0.000000 0.000000 ))
(17.552600 ( 0.002326 0.000000 0.000000 ))
(17.568300 ( 0.002537 0.000000 0.000000 ))
(17.584000 ( 0.002748 0.000000 0.000000 ))
(17.599700 ( 0.002968 0.000000 0.000000 ))
(17.615400 ( 0.003188 0.000000 0.000000 ))
(17.631100 ( 0.003414 0.000000 0.000000 ))
(17.646800 ( 0.003640 0.000000 0.000000 ))
(17.662500 ( 0.003870 0.000000 0.000000 ))
(17.678200 ( 0.004101 0.000000 0.000000 ))
(17.693900 ( 0.004333 0.000000 0.000000 ))
(17.709600 ( 0.004565 0.000000 0.000000 ))
(17.725300 ( 0.004797 0.000000 0.000000 ))
(17.741000 ( 0.005028 0.000000 0.000000 ))
(17.756700 ( 0.005256 0.000000 0.000000 ))
(17.772400 ( 0.005485 0.000000 0.000000 ))
(17.788100 ( 0.005706 0.000000 0.000000 ))
(17.803800 ( 0.005928 0.000000 0.000000 ))
(17.819500 ( 0.006141 0.000000 0.000000 ))
(17.835200 ( 0.006354 0.000000 0.000000 ))
(17.850900 ( 0.006555 0.000000 0.000000 ))
(17.866600 ( 0.006756 0.000000 0.000000 ))
(17.882300 ( 0.006942 0.000000 0.000000 ))
(17.898000 ( 0.007128 0.000000 0.000000 ))
(17.913700 ( 0.007297 0.000000 0.000000 ))
(17.929400 ( 0.007466 0.000000 0.000000 ))
(17.945100 ( 0.007615 0.000000 0.000000 ))
(17.960800 ( 0.007764 0.000000 0.000000 ))
(17.976500 ( 0.007891 0.000000 0.000000 ))
(17.992200 ( 0.008019 0.000000 0.000000 ))
(18.007900 ( 0.008122 0.000000 0.000000 ))
(18.023600 ( 0.008224 0.000000 0.000000 ))
(18.039300 ( 0.008301 0.000000 0.000000 ))
(18.055000 ( 0.008378 0.000000 0.000000 ))
(18.070700 ( 0.008427 0.000000 0.000000 ))
(18.086400 ( 0.008477 0.000000 0.000000 ))
(18.102100 ( 0.008497 0.000000 0.000000 ))
(18.117800 ( 0.008517 0.000000 0.000000 ))
(18.133500 ( 0.008507 0.000000 0.000000 ))
(18.149200 ( 0.008497 0.000000 0.000000 ))
(18.164900 ( 0.008456 0.000000 0.000000 ))
(18.180600 ( 0.008414 0.000000 0.000000 ))
(18.196300 ( 0.008341 0.000000 0.000000 ))
(18.212000 ( 0.008269 0.000000 0.000000 ))
(18.227700 ( 0.008164 0.000000 0.000000 ))
(18.243400 ( 0.008059 0.000000 0.000000 ))
(18.259100 ( 0.007921 0.000000 0.000000 ))
(18.274800 ( 0.007784 0.000000 0.000000 ))
(18.290500 ( 0.007614 0.000000 0.000000 ))
(18.306200 ( 0.007443 0.000000 0.000000 ))
(18.321900 ( 0.007241 0.000000 0.000000 ))
(18.337600 ( 0.007038 0.000000 0.000000 ))
(18.353300 ( 0.006803 0.000000 0.000000 ))
(18.369000 ( 0.006569 0.000000 0.000000 ))
(18.384700 ( 0.006302 0.000000 0.000000 ))
(18.400400 ( 0.006035 0.000000 0.000000 ))
(18.416100 ( 0.005736 0.000000 0.000000 ))
(18.431800 ( 0.005437 0.000000 0.000000 ))
(18.447500 ( 0.005107 0.000000 0.000000 ))
(18.463200 ( 0.004777 0.000000 0.000000 ))
(18.478900 ( 0.004416 0.000000 0.000000 ))
(18.494600 ( 0.004055 0.000000 0.000000 ))
(18.510300 ( 0.003664 0.000000 0.000000 ))
(18.526000 ( 0.003273 0.000000 0.000000 ))
(18.541700 ( 0.002853 0.000000 0.000000 ))
(18.557400 ( 0.002432 0.000000 0.000000 ))
(18.573100 ( 0.001984 0.000000 0.000000 ))
(18.588800 ( 0.001535 0.000000 0.000000 ))
(18.604500 ( 0.001060 0.000000 0.000000 ))
(18.620200 ( 0.000584 0.000000 0.000000 ))
(18.635900 ( 0.000083 0.000000 0.000000 ))
(18.651600 ( -0.000419 0.000000 0.000000 ))
(18.667300 ( -0.000945 0.000000 0.000000 ))
(18.683000 ( -0.001471 0.000000 0.000000 ))
(18.698700 ( -0.002019 0.000000 0.000000 ))
(18.714400 ( -0.002567 0.000000 0.000000 ))
(18.730100 ( -0.003136 0.000000 0.000000 ))
(18.745800 ( -0.003705 0.000000 0.000000 ))
(18.761500 ( -0.004292 0.000000 0.000000 ))
(18.777200 ( -0.004880 0.000000 0.000000 ))
(18.792900 ( -0.005483 0.000000 0.000000 ))
(18.808600 ( -0.006086 0.000000 0.000000 ))
(18.824300 ( -0.006702 0.000000 0.000000 ))
(18.840000 ( -0.007319 0.000000 0.000000 ))
(18.855700 ( -0.007946 0.000000 0.000000 ))
(18.871400 ( -0.008573 0.000000 0.000000 ))
(18.887100 ( -0.009206 0.000000 0.000000 ))
(18.902800 ( -0.009840 0.000000 0.000000 ))
(18.918500 ( -0.010478 0.000000 0.000000 ))
(18.934200 ( -0.011116 0.000000 0.000000 ))
(18.949900 ( -0.011755 0.000000 0.000000 ))
(18.965600 ( -0.012393 0.000000 0.000000 ))
(18.981300 ( -0.013028 0.000000 0.000000 ))
(18.997000 ( -0.013664 0.000000 0.000000 ))
(19.012700 ( -0.014292 0.000000 0.000000 ))
(19.028400 ( -0.014920 0.000000 0.000000 ))
(19.044100 ( -0.015538 0.000000 0.000000 ))
(19.059800 ( -0.016155 0.000000 0.000000 ))
(19.075500 ( -0.016758 0.000000 0.000000 ))
(19.091200 ( -0.017361 0.000000 0.000000 ))
(19.106900 ( -0.017944 0.000000 0.000000 ))
(19.122600 ( -0.018528 0.000000 0.000000 ))
(19.138300 ( -0.019089 0.000000 0.000000 ))
(19.154000 ( -0.019650 0.000000 0.000000 ))
(19.169700 ( -0.020184 0.000000 0.000000 ))
(19.185400 ( -0.020718 0.000000 0.000000 ))
(19.201100 ( -0.021221 0.000000 0.000000 ))
(19.216800 ( -0.021724 0.000000 0.000000 ))
(19.232500 ( -0.022193 0.000000 0.000000 ))
(19.248200 ( -0.022661 0.000000 0.000000 ))
(19.263900 ( -0.023090 0.000000 0.000000 ))
(19.279600 ( -0.023520 0.000000 0.000000 ))
(19.295300 ( -0.023907 0.000000 0.000000 ))
(19.311000 ( -0.024294 0.000000 0.000000 ))
(19.326700 ( -0.024635 0.000000 0.000000 ))
(19.342400 ( -0.024976 0.000000 0.000000 ))
(19.358100 ( -0.025268 0.000000 0.000000 ))
(19.373800 ( -0.025559 0.000000 0.000000 ))
(19.389500 ( -0.025799 0.000000 0.000000 ))
(19.405200 ( -0.026038 0.000000 0.000000 ))
(19.420900 ( -0.026222 0.000000 0.000000 ))
(19.436600 ( -0.026406 0.000000 0.000000 ))
(19.452300 ( -0.026532 0.000000 0.000000 ))
(19.468000 ( -0.026658 0.000000 0.000000 ))
(19.483700 ( -0.026724 0.000000 0.000000 ))
(19.499400 ( -0.026789 0.000000 0.000000 ))
(19.515100 ( -0.026793 0.000000 0.000000 ))
(19.530800 ( -0.026797 0.000000 0.000000 ))
(19.546500 ( -0.026737 0.000000 0.000000 ))
(19.562200 ( -0.026678 0.000000 0.000000 ))
(19.577900 ( -0.026553 0.000000 0.000000 ))
(19.593600 ( -0.026429 0.000000 0.000000 ))
(19.609300 ( -0.026239 0.000000 0.000000 ))
(19.625000 ( -0.026050 0.000000 0.000000 ))
(19.640700 ( -0.025795 0.000000 0.000000 ))
(19.656400 ( -0.025540 0.000000 0.000000 ))
(19.672100 ( -0.025220 0.000000 0.000000 ))
(19.687800 ( -0.024899 0.000000 0.000000 ))
(19.703500 ( -0.024514 0.000000 0.000000 ))
(19.719200 ( -0.024129 0.000000 0.000000 ))
(19.734900 ( -0.023681 0.000000 0.000000 ))
(19.750600 ( -0.023232 0.000000 0.000000 ))
(19.766300 ( -0.022721 0.000000 0.000000 ))
(19.782000 ( -0.022211 0.000000 0.000000 ))
(19.797700 ( -0.021639 0.000000 0.000000 ))
(19.813400 ( -0.021068 0.000000 0.000000 ))
(19.829100 ( -0.020438 0.000000 0.000000 ))
(19.844800 ( -0.019808 0.000000 0.000000 ))
(19.860500 ( -0.019121 0.000000 0.000000 ))
(19.876200 ( -0.018434 0.000000 0.000000 ))
(19.891900 ( -0.017694 0.000000 0.000000 ))
(19.907600 ( -0.016953 0.000000 0.000000 ))
(19.923300 ( -0.016160 0.000000 0.000000 ))
(19.939000 ( -0.015367 0.000000 0.000000 ))
(19.954700 ( -0.014526 0.000000 0.000000 ))
(19.970400 ( -0.013684 0.000000 0.000000 ))
(19.986100 ( -0.012795 0.000000 0.000000 ))
(20.001800 ( -0.011907 0.000000 0.000000 ))
(20.017500 ( -0.010974 0.000000 0.000000 ))
(20.033200 ( -0.010041 0.000000 0.000000 ))
(20.048900 ( -0.009067 0.000000 0.000000 ))
(20.064600 ( -0.008093 0.000000 0.000000 ))
(20.080300 ( -0.007081 0.000000 0.000000 ))
(20.096000 ( -0.006068 0.000000 0.000000 ))
(20.111700 ( -0.005019 0.000000 0.000000 ))
(20.127400 ( -0.003971 0.000000 0.000000 ))
(20.143100 ( -0.002889 0.000000 0.000000 ))
(20.158800 ( -0.001807 0.000000 0.000000 ))
(20.174500 ( -0.000695 0.000000 0.000000 ))
(20.190200 ( 0.000417 0.000000 0.000000 ))
(20.205900 ( 0.001556 0.000000 0.000000 ))
(20.221600 ( 0.002696 0.000000 0.000000 ))
(20.237300 ( 0.003859 0.000000 0.000000 ))
(20.253000 ( 0.005022 0.000000 0.000000 ))
(20.268700 ( 0.006206 0.000000 0.000000 ))
(20.284400 ( 0.007390 0.000000 0.000000 ))
(20.300100 ( 0.008590 0.000000 0.000000 ))
(20.315800 ( 0.009791 0.000000 0.000000 ))
(20.331500 ( 0.011004 0.000000 0.000000 ))
(20.347200 ( 0.012217 0.000000 0.000000 ))
(20.362900 ( 0.013439 0.000000 0.000000 ))
(20.378600 ( 0.014661 0.000000 0.000000 ))
(20.394300 ( 0.015888 0.000000 0.000000 ))
(20.410000 ( 0.017114 0.000000 0.000000 ))
(20.425700 ( 0.018340 0.000000 0.000000 ))
(20.441400 ( 0.019566 0.000000 0.000000 ))
(20.457100 ( 0.020787 0.000000 0.000000 ))
(20.472800 ( 0.022008 0.000000 0.000000 ))
(20.488500 ( 0.023219 0.000000 0.000000 ))
(20.504200 ( 0.024431 0.000000 0.000000 ))
(20.519900 ( 0.025628 0.000000 0.000000 ))
(20.535600 ( 0.026825 0.000000 0.000000 ))
(20.551300 ( 0.028004 0.000000 0.000000 ))
(20.567000 ( 0.029183 0.000000 0.000000 ))
(20.582700 ( 0.030339 0.000000 0.000000 ))
(20.598400 ( 0.031495 0.000000 0.000000 ))
(20.614100 ( 0.032624 0.000000 0.000000 ))
(20.629800 ( 0.033753 0.000000 0.000000 ))
(20.645500 ( 0.034851 0.000000 0.000000 ))
(20.661200 ( 0.035950 0.000000 0.000000 ))
(20.676900 ( 0.037015 0.000000 0.000000 ))
(20.692600 ( 0.038079 0.000000 0.000000 ))
(20.708300 ( 0.039108 0.000000 0.000000 ))
(20.724000 ( 0.040136 0.000000 0.000000 ))
(20.739700 ( 0.041124 0.000000 0.000000 ))
(20.755400 ( 0.042113 0.000000 0.000000 ))
(20.771100 ( 0.043061 0.000000 0.000000 ))
(20.786800 ( 0.044009 0.000000 0.000000 ))
(20.802500 ( 0.044913 0.000000 0.000000 ))
(20.818200 ( 0.045818 0.000000 0.000000 ))
(20.833900 ( 0.046678 0.000000 0.000000 ))
(20.849600 ( 0.047538 0.000000 0.000000 ))
(20.865300 ( 0.048353 0.000000 0.000000 ))
(20.881000 ( 0.049168 0.000000 0.000000 ))
(20.896700 ( 0.049937 0.000000 0.000000 ))
(20.912400 ( 0.050706 0.000000 0.000000 ))
(20.928100 ( 0.051428 0.000000 0.000000 ))
(20.943800 ( 0.052150 0.000000 0.000000 ))
(20.959500 ( 0.052825 0.000000 0.000000 ))
(20.975200 ( 0.053499 0.000000 0.000000 ))
(20.990900 ( 0.054127 0.000000 0.000000 ))
(21.006600 ( 0.054754 0.000000 0.000000 ))
(21.022300 ( 0.055333 0.000000 0.000000 ))
(21.038000 ( 0.055913 0.000000 0.000000 ))
(21.053700 ( 0.056444 0.000000 0.000000 ))
(21.069400 ( 0.056976 0.000000 0.000000 ))
(21.085100 ( 0.057459 0.000000 0.000000 ))
(21.100800 ( 0.057942 0.000000 0.000000 ))
(21.116500 ( 0.058377 0.000000 0.000000 ))
(21.132200 ( 0.058811 0.000000 0.000000 ))
(21.147900 ( 0.059197 0.000000 0.000000 ))
(21.163600 ( 0.059583 0.000000 0.000000 ))
(21.179300 ( 0.059921 0.000000 0.000000 ))
(21.195000 ( 0.060258 0.000000 0.000000 ))
(21.210700 ( 0.060546 0.000000 0.000000 ))
(21.226400 ( 0.060834 0.000000 0.000000 ))
(21.242100 ( 0.061072 0.000000 0.000000 ))
(21.257800 ( 0.061311 0.000000 0.000000 ))
(21.273500 ( 0.061499 0.000000 0.000000 ))
(21.289200 ( 0.061688 0.000000 0.000000 ))
(21.304900 ( 0.061827 0.000000 0.000000 ))
(21.320600 ( 0.061966 0.000000 0.000000 ))
(21.336300 ( 0.062054 0.000000 0.000000 ))
(21.352000 ( 0.062142 0.000000 0.000000 ))
(21.367700 ( 0.062180 0.000000 0.000000 ))
(21.383400 ( 0.062217 0.000000 0.000000 ))
(21.399100 ( 0.062204 0.000000 0.000000 ))
(21.414800 ( 0.062190 0.000000 0.000000 ))
(21.430500 ( 0.062125 0.000000 0.000000 ))
(21.446200 ( 0.062060 0.000000 0.000000 ))
(21.461900 ( 0.061944 0.000000 0.000000 ))
(21.477600 ( 0.061828 0.000000 0.000000 ))
(21.493300 ( 0.061660 0.000000 0.000000 ))
(21.509000 ( 0.061492 0.000000 0.000000 ))
(21.524700 ( 0.061272 0.000000 0.000000 ))
(21.540400 ( 0.061052 0.000000 0.000000 ))
(21.556100 ( 0.060780 0.000000 0.000000 ))
(21.571800 ( 0.060508 0.000000 0.000000 ))
(21.587500 ( 0.060184 0.000000 0.000000 ))
(21.603200 ( 0.059860 0.000000 0.000000 ))
(21.618900 ( 0.059484 0.000000 0.000000 ))
(21.634600 ( 0.059108 0.000000 0.000000 ))
(21.650300 ( 0.058680 0.000000 0.000000 ))
(21.666000 ( 0.058251 0.000000 0.000000 ))
(21.681700 ( 0.057771 0.000000 0.000000 ))
(21.697400 ( 0.057290 0.000000 0.000000 ))
(21.713100 ( 0.056757 0.000000 0.000000 ))
(21.728800 ( 0.056224 0.000000 0.000000 ))
(21.744500 ( 0.055639 0.000000 0.000000 ))
(21.760200 ( 0.055054 0.000000 0.000000 ))
(21.775900 ( 0.054416 0.000000 0.000000 ))
(21.791600 ( 0.053778 0.000000 0.000000 ))
(21.807300 ( 0.053088 0.000000 0.000000 ))
(21.823000 ( 0.052398 0.000000 0.000000 ))
(21.838700 ( 0.051655 0.000000 0.000000 ))
(21.854400 ( 0.050913 0.000000 0.000000 ))
(21.870100 ( 0.050118 0.000000 0.000000 ))
(21.885800 ( 0.049323 0.000000 0.000000 ))
(21.901500 ( 0.048476 0.000000 0.000000 ))
(21.917200 ( 0.047629 0.000000 0.000000 ))
(21.932900 ( 0.046730 0.000000 0.000000 ))
(21.948600 ( 0.045830 0.000000 0.000000 ))
(21.964300 ( 0.044879 0.000000 0.000000 ))
(21.980000 ( 0.043928 0.000000 0.000000 ))
(21.995700 ( 0.042925 0.000000 0.000000 ))
(22.011400 ( 0.041923 0.000000 0.000000 ))
(22.027100 ( 0.040869 0.000000 0.000000 ))
(22.042800 ( 0.039815 0.000000 0.000000 ))
(22.058500 ( 0.038711 0.000000 0.000000 ))
(22.074200 ( 0.037607 0.000000 0.000000 ))
(22.089900 ( 0.036453 0.000000 0.000000 ))
(22.105600 ( 0.035299 0.000000 0.000000 ))
(22.121300 ( 0.034095 0.000000 0.000000 ))
(22.137000 ( 0.032892 0.000000 0.000000 ))
(22.152700 ( 0.031641 0.000000 0.000000 ))
(22.168400 ( 0.030390 0.000000 0.000000 ))
(22.184100 ( 0.029092 0.000000 0.000000 ))
(22.199800 ( 0.027793 0.000000 0.000000 ))
(22.215500 ( 0.026449 0.000000 0.000000 ))
(22.231200 ( 0.025106 0.000000 0.000000 ))
(22.246900 ( 0.023717 0.000000 0.000000 ))
(22.262600 ( 0.022329 0.000000 0.000000 ))
(22.278300 ( 0.020898 0.000000 0.000000 ))
(22.294000 ( 0.019468 0.000000 0.000000 ))
(22.309700 ( 0.017996 0.000000 0.000000 ))
(22.325400 ( 0.016525 0.000000 0.000000 ))
(22.341100 ( 0.015014 0.000000 0.000000 ))
(22.356800 ( 0.013504 0.000000 0.000000 ))
(22.372500 ( 0.011957 0.000000 0.000000 ))
(22.388200 ( 0.010410 0.000000 0.000000 ))
(22.403900 ( 0.008829 0.000000 0.000000 ))
(22.419600 ( 0.007247 0.000000 0.000000 ))
(22.435300 ( 0.005634 0.000000 0.000000 ))
(22.451000 ( 0.004021 0.000000 0.000000 ))
(22.466700 ( 0.002379 0.000000 0.000000 ))
(22.482400 ( 0.000737 0.000000 0.000000 ))
(22.498100 ( -0.000931 0.000000 0.000000 ))
(22.513800 ( -0.002600 0.000000 0.000000 ))
(22.529500 ( -0.004291 0.000000 0.000000 ))
(22.545200 ( -0.005983 0.000000 0.000000 ))
(22.560900 ( -0.007695 0.000000 0.000000 ))
(22.576600 ( -0.009407 0.000000 0.000000 ))
(22.592300 ( -0.011135 0.000000 0.000000 ))
(22.608000 ( -0.012864 0.000000 0.000000 ))
(22.623700 ( -0.014606 0.000000 0.000000 ))
(22.639400 ( -0.016349 0.000000 0.000000 ))
(22.655100 ( -0.018101 0.000000 0.000000 ))
(22.670800 ( -0.019853 0.000000 0.000000 ))
(22.686500 ( -0.021612 0.000000 0.000000 ))
(22.702200 ( -0.023371 0.000000 0.000000 ))
(22.717900 ( -0.025132 0.000000 0.000000 ))
(22.733600 ( -0.026894 0.000000 0.000000 ))
(22.749300 ( -0.028655 0.000000 0.000000 ))
(22.765000 ( -0.030416 0.000000 0.000000 ))
(22.780700 ( -0.032172 0.000000 0.000000 ))
(22.796400 ( -0.033928 0.000000 0.000000 ))
(22.812100 ( -0.035676 0.000000 0.000000 ))
(22.827800 ( -0.037424 0.000000 0.000000 ))
(22.843500 ( -0.039159 0.000000 0.000000 ))
(22.859200 ( -0.040895 0.000000 0.000000 ))
(22.874900 ( -0.042614 0.000000 0.000000 ))
(22.890600 ( -0.044333 0.000000 0.000000 ))
(22.906300 ( -0.046032 0.000000 0.000000 ))
(22.922000 ( -0.047732 0.000000 0.000000 ))
(22.937700 ( -0.049406 0.000000 0.000000 ))
(22.953400 ( -0.051081 0.000000 0.000000 ))
(22.969100 ( -0.052728 0.000000 0.000000 ))
(22.984800 ( -0.054375 0.000000 0.000000 ))
(23.000500 ( -0.055989 0.000000 0.000000 ))
(23.016200 ( -0.057604 0.000000 0.000000 ))
(23.031900 ( -0.059182 0.000000 0.000000 ))
(23.047600 ( -0.060761 0.000000 0.000000 ))
(23.063300 ( -0.062299 0.000000 0.000000 ))
(23.079000 ( -0.063837 0.000000 0.000000 ))
(23.094700 ( -0.065331 0.000000 0.000000 ))
(23.110400 ( -0.066826 0.000000 0.000000 ))
(23.126100 ( -0.068271 0.000000 0.000000 ))
(23.141800 ( -0.069717 0.000000 0.000000 ))
(23.157500 ( -0.071111 0.000000 0.000000 ))
(23.173200 ( -0.072505 0.000000 0.000000 ))
(23.188900 ( -0.073843 0.000000 0.000000 ))
(23.204600 ( -0.075181 0.000000 0.000000 ))
(23.220300 ( -0.076459 0.000000 0.000000 ))
(23.236000 ( -0.077737 0.000000 0.000000 ))
(23.251700 ( -0.078952 0.000000 0.000000 ))
(23.267400 ( -0.080167 0.000000 0.000000 ))
(23.283100 ( -0.081315 0.000000 0.000000 ))
(23.298800 ( -0.082463 0.000000 0.000000 ))
(23.314500 ( -0.083540 0.000000 0.000000 ))
(23.330200 ( -0.084618 0.000000 0.000000 ))
(23.345900 ( -0.085622 0.000000 0.000000 ))
(23.361600 ( -0.086626 0.000000 0.000000 ))
(23.377300 ( -0.087553 0.000000 0.000000 ))
(23.393000 ( -0.088481 0.000000 0.000000 ))
(23.408700 ( -0.089329 0.000000 0.000000 ))
(23.424400 ( -0.090177 0.000000 0.000000 ))
(23.440100 ( -0.090943 0.000000 0.000000 ))
(23.455800 ( -0.091710 0.000000 0.000000 ))
(23.471500 ( -0.092392 0.000000 0.000000 ))
(23.487200 ( -0.093075 0.000000 0.000000 ))
(23.502900 ( -0.093671 0.000000 0.000000 ))
(23.518600 ( -0.094267 0.000000 0.000000 ))
(23.534300 ( -0.094776 0.000000 0.000000 ))
(23.550000 ( -0.095284 0.000000 0.000000 ))
(23.565700 ( -0.095704 0.000000 0.000000 ))
(23.581400 ( -0.096123 0.000000 0.000000 ))
(23.597100 ( -0.096452 0.000000 0.000000 ))
(23.612800 ( -0.096781 0.000000 0.000000 ))
(23.628500 ( -0.097019 0.000000 0.000000 ))
(23.644200 ( -0.097257 0.000000 0.000000 ))
(23.659900 ( -0.097403 0.000000 0.000000 ))
(23.675600 ( -0.097549 0.000000 0.000000 ))
(23.691300 ( -0.097602 0.000000 0.000000 ))
(23.707000 ( -0.097656 0.000000 0.000000 ))
(23.722700 ( -0.097617 0.000000 0.000000 ))
(23.738400 ( -0.097579 0.000000 0.000000 ))
(23.754100 ( -0.097448 0.000000 0.000000 ))
(23.769800 ( -0.097317 0.000000 0.000000 ))
(23.785500 ( -0.097094 0.000000 0.000000 ))
(23.801200 ( -0.096871 0.000000 0.000000 ))
(23.816900 ( -0.096558 0.000000 0.000000 ))
(23.832600 ( -0.096244 0.000000 0.000000 ))
(23.848300 ( -0.095839 0.000000 0.000000 ))
(23.864000 ( -0.095435 0.000000 0.000000 ))
(23.879700 ( -0.094942 0.000000 0.000000 ))
(23.895400 ( -0.094448 0.000000 0.000000 ))
(23.911100 ( -0.093866 0.000000 0.000000 ))
(23.926800 ( -0.093285 0.000000 0.000000 ))
(23.942500 ( -0.092617 0.000000 0.000000 ))
(23.958200 ( -0.091949 0.000000 0.000000 ))
(23.973900 ( -0.091196 0.000000 0.000000 ))
(23.989600 ( -0.090443 0.000000 0.000000 ))
(24.005300 ( -0.089608 0.000000 0.000000 ))
(24.021000 ( -0.088772 0.000000 0.000000 ))
(24.036700 ( -0.087855 0.000000 0.000000 ))
(24.052400 ( -0.086939 0.000000 0.000000 ))
(24.068100 ( -0.085944 0.000000 0.000000 ))
(24.083800 ( -0.084949 0.000000 0.000000 ))
(24.099500 ( -0.083878 0.000000 0.000000 ))
(24.115200 ( -0.082808 0.000000 0.000000 ))
(24.130900 ( -0.081663 0.000000 0.000000 ))
(24.146600 ( -0.080519 0.000000 0.000000 ))
(24.162300 ( -0.079305 0.000000 0.000000 ))
(24.178000 ( -0.078091 0.000000 0.000000 ))
(24.193700 ( -0.076809 0.000000 0.000000 ))
(24.209400 ( -0.075528 0.000000 0.000000 ))
(24.225100 ( -0.074182 0.000000 0.000000 ))
(24.240800 ( -0.072837 0.000000 0.000000 ))
(24.256500 ( -0.071431 0.000000 0.000000 ))
(24.272200 ( -0.070025 0.000000 0.000000 ))
(24.287900 ( -0.068562 0.000000 0.000000 ))
(24.303600 ( -0.067099 0.000000 0.000000 ))
(24.319300 ( -0.065583 0.000000 0.000000 ))
(24.335000 ( -0.064067 0.000000 0.000000 ))
(24.350700 ( -0.062502 0.000000 0.000000 ))
(24.366400 ( -0.060936 0.000000 0.000000 ))
(24.382100 ( -0.059326 0.000000 0.000000 ))
(24.397800 ( -0.057715 0.000000 0.000000 ))
(24.413500 ( -0.056063 0.000000 0.000000 ))
(24.429200 ( -0.054411 0.000000 0.000000 ))
(24.444900 ( -0.052721 0.000000 0.000000 ))
(24.460600 ( -0.051032 0.000000 0.000000 ))
(24.476300 ( -0.049310 0.000000 0.000000 ))
(24.492000 ( -0.047588 0.000000 0.000000 ))
(24.507700 ( -0.045837 0.000000 0.000000 ))
(24.523400 ( -0.044087 0.000000 0.000000 ))
(24.539100 ( -0.042311 0.000000 0.000000 ))
(24.554800 ( -0.040536 0.000000 0.000000 ))
(24.570500 ( -0.038741 0.000000 0.000000 ))
(24.586200 ( -0.036945 0.000000 0.000000 ))
(24.601900 ( -0.035134 0.000000 0.000000 ))
(24.617600 ( -0.033322 0.000000 0.000000 ))
(24.633300 ( -0.031499 0.000000 0.000000 ))
(24.649000 ( -0.029676 0.000000 0.000000 ))
(24.664700 ( -0.027845 0.000000 0.000000 ))
(24.680400 ( -0.026014 0.000000 0.000000 ))
(24.696100 ( -0.024179 0.000000 0.000000 ))
(24.711800 ( -0.022345 0.000000 0.000000 ))
(24.727500 ( -0.020510 0.000000 0.000000 ))
(24.743200 ( -0.018676 0.000000 0.000000 ))
(24.758900 ( -0.016845 0.000000 0.000000 ))
(24.774600 ( -0.015015 0.000000 0.000000 ))
(24.790300 ( -0.013192 0.000000 0.000000 ))
(24.806000 ( -0.011370 0.000000 0.000000 ))
(24.821700 ( -0.009558 0.000000 0.000000 ))
(24.837400 ( -0.007747 0.000000 0.000000 ))
(24.853100 ( -0.005950 0.000000 0.000000 ))
(24.868800 ( -0.004153 0.000000 0.000000 ))
(24.884500 ( -0.002375 0.000000 0.000000 ))
(24.900200 ( -0.000596 0.000000 0.000000 ))
(24.915900 ( 0.001162 0.000000 0.000000 ))
(24.931600 ( 0.002920 0.000000 0.000000 ))
(24.947300 ( 0.004654 0.000000 0.000000 ))
(24.963000 ( 0.006388 0.000000 0.000000 ))
(24.978700 ( 0.008096 0.000000 0.000000 ))
(24.994400 ( 0.009803 0.000000 0.000000 ))
(25.010100 ( 0.011482 0.000000 0.000000 ))
(25.025800 ( 0.013160 0.000000 0.000000 ))
(25.041500 ( 0.014807 0.000000 0.000000 ))
(25.057200 ( 0.016454 0.000000 0.000000 ))
(25.072900 ( 0.018067 0.000000 0.000000 ))
(25.088600 ( 0.019681 0.000000 0.000000 ))
(25.104300 ( 0.021258 0.000000 0.000000 ))
(25.120000 ( 0.022836 0.000000 0.000000 ))
(25.135700 ( 0.024376 0.000000 0.000000 ))
(25.151400 ( 0.025916 0.000000 0.000000 ))
(25.167100 ( 0.027417 0.000000 0.000000 ))
(25.182800 ( 0.028917 0.000000 0.000000 ))
(25.198500 ( 0.030377 0.000000 0.000000 ))
(25.214200 ( 0.031837 0.000000 0.000000 ))
(25.229900 ( 0.033255 0.000000 0.000000 ))
(25.245600 ( 0.034673 0.000000 0.000000 ))
(25.261300 ( 0.036048 0.000000 0.000000 ))
(25.277000 ( 0.037423 0.000000 0.000000 ))
(25.292700 ( 0.038753 0.000000 0.000000 ))
(25.308400 ( 0.040084 0.000000 0.000000 ))
(25.324100 ( 0.041369 0.000000 0.000000 ))
(25.339800 ( 0.042654 0.000000 0.000000 ))
(25.355500 ( 0.043894 0.000000 0.000000 ))
(25.371200 ( 0.045133 0.000000 0.000000 ))
(25.386900 ( 0.046326 0.000000 0.000000 ))
(25.402600 ( 0.047520 0.000000 0.000000 ))
(25.418300 ( 0.048666 0.000000 0.000000 ))
(25.434000 ( 0.049812 0.000000 0.000000 ))
(25.449700 ( 0.050911 0.000000 0.000000 ))
(25.465400 ( 0.052011 0.000000 0.000000 ))
(25.481100 ( 0.053063 0.000000 0.000000 ))
(25.496800 ( 0.054114 0.000000 0.000000 ))
(25.512500 ( 0.055119 0.000000 0.000000 ))
(25.528200 ( 0.056124 0.000000 0.000000 ))
(25.543900 ( 0.057081 0.000000 0.000000 ))
(25.559600 ( 0.058039 0.000000 0.000000 ))
(25.575300 ( 0.058950 0.000000 0.000000 ))
(25.591000 ( 0.059860 0.000000 0.000000 ))
(25.606700 ( 0.060724 0.000000 0.000000 ))
(25.622400 ( 0.061588 0.000000 0.000000 ))
(25.638100 ( 0.062405 0.000000 0.000000 ))
(25.653800 ( 0.063222 0.000000 0.000000 ))
(25.669500 ( 0.063993 0.000000 0.000000 ))
(25.685200 ( 0.064764 0.000000 0.000000 ))
(25.700900 ( 0.065489 0.000000 0.000000 ))
(25.716600 ( 0.066213 0.000000 0.000000 ))
(25.732300 ( 0.066893 0.000000 0.000000 ))
(25.748000 ( 0.067572 0.000000 0.000000 ))
(25.763700 ( 0.068206 0.000000 0.000000 ))
(25.779400 ( 0.068840 0.000000 0.000000 ))
(25.795100 ( 0.069429 0.000000 0.000000 ))
(25.810800 ( 0.070018 0.000000 0.000000 ))
(25.826500 ( 0.070562 0.000000 0.000000 ))
(25.842200 ( 0.071106 0.000000 0.000000 ))
(25.857900 ( 0.071605 0.000000 0.000000 ))
(25.873600 ( 0.072105 0.000000 0.000000 ))
(25.889300 ( 0.072560 0.000000 0.000000 ))
(25.905000 ( 0.073015 0.000000 0.000000 ))
(25.920700 ( 0.073426 0.000000 0.000000 ))
(25.936400 ( 0.073836 0.000000 0.000000 ))
(25.952100 ( 0.074203 0.000000 0.000000 ))
(25.967800 ( 0.074569 0.000000 0.000000 ))
(25.983500 ( 0.074891 0.000000 0.000000 ))
(25.999200 ( 0.075213 0.000000 0.000000 ))
(26.014900 ( 0.075490 0.000000 0.000000 ))
(26.030600 ( 0.075767 0.000000 0.000000 ))
(26.046300 ( 0.075999 0.000000 0.000000 ))
(26.062000 ( 0.076232 0.000000 0.000000 ))
(26.077700 ( 0.076419 0.000000 0.000000 ))
(26.093400 ( 0.076606 0.000000 0.000000 ))
(26.109100 ( 0.076747 0.000000 0.000000 ))
(26.124800 ( 0.076889 0.000000 0.000000 ))
(26.140500 ( 0.076984 0.000000 0.000000 ))
(26.156200 ( 0.077080 0.000000 0.000000 ))
(26.171900 ( 0.077128 0.000000 0.000000 ))
(26.187600 ( 0.077177 0.000000 0.000000 ))
(26.203300 ( 0.077179 0.000000 0.000000 ))
(26.219000 ( 0.077180 0.000000 0.000000 ))
(26.234700 ( 0.077134 0.000000 0.000000 ))
(26.250400 ( 0.077088 0.000000 0.000000 ))
(26.266100 ( 0.076994 0.000000 0.000000 ))
(26.281800 ( 0.076900 0.000000 0.000000 ))
(26.297500 ( 0.076757 0.000000 0.000000 ))
(26.313200 ( 0.076613 0.000000 0.000000 ))
(26.328900 ( 0.076421 0.000000 0.000000 ))
(26.344600 ( 0.076228 0.000000 0.000000 ))
(26.360300 ( 0.075985 0.000000 0.000000 ))
(26.376000 ( 0.075742 0.000000 0.000000 ))
(26.391700 ( 0.075449 0.000000 0.000000 ))
(26.407400 ( 0.075156 0.000000 0.000000 ))
(26.423100 ( 0.074811 0.000000 0.000000 ))
(26.438800 ( 0.074467 0.000000 0.000000 ))
(26.454500 ( 0.074071 0.000000 0.000000 ))
(26.470200 ( 0.073674 0.000000 0.000000 ))
(26.485900 ( 0.073227 0.000000 0.000000 ))
(26.501600 ( 0.072779 0.000000 0.000000 ))
(26.517300 ( 0.072279 0.000000 0.000000 ))
(26.533000 ( 0.071779 0.000000 0.000000 ))
(26.548700 ( 0.071226 0.000000 0.000000 ))
(26.564400 ( 0.070674 0.000000 0.000000 ))
(26.580100 ( 0.070070 0.000000 0.000000 ))
(26.595800 ( 0.069465 0.000000 0.000000 ))
(26.611500 ( 0.068808 0.000000 0.000000 ))
(26.627200 ( 0.068151 0.000000 0.000000 ))
(26.642900 ( 0.067443 0.000000 0.000000 ))
(26.658600 ( 0.066734 0.000000 0.000000 ))
(26.674300 ( 0.065973 0.000000 0.000000 ))
(26.690000 ( 0.065213 0.000000 0.000000 ))
(26.705700 ( 0.064401 0.000000 0.000000 ))
(26.721400 ( 0.063590 0.000000 0.000000 ))
(26.737100 ( 0.062727 0.000000 0.000000 ))
(26.752800 ( 0.061865 0.000000 0.000000 ))
(26.768500 ( 0.060953 0.000000 0.000000 ))
(26.784200 ( 0.060041 0.000000 0.000000 ))
(26.799900 ( 0.059080 0.000000 0.000000 ))
(26.815600 ( 0.058119 0.000000 0.000000 ))
(26.831300 ( 0.057110 0.000000 0.000000 ))
(26.847000 ( 0.056101 0.000000 0.000000 ))
(26.862700 ( 0.055045 0.000000 0.000000 ))
(26.878400 ( 0.053990 0.000000 0.000000 ))
(26.894100 ( 0.052889 0.000000 0.000000 ))
(26.909800 ( 0.051789 0.000000 0.000000 ))
(26.925500 ( 0.050645 0.000000 0.000000 ))
(26.941200 ( 0.049501 0.000000 0.000000 ))
(26.956900 ( 0.048316 0.000000 0.000000 ))
(26.972600 ( 0.047131 0.000000 0.000000 ))
(26.988300 ( 0.045906 0.000000 0.000000 ))
(27.004000 ( 0.044682 0.000000 0.000000 ))
(27.019700 ( 0.043422 0.000000 0.000000 ))
(27.035400 ( 0.042161 0.000000 0.000000 ))
(27.051100 ( 0.040867 0.000000 0.000000 ))
(27.066800 ( 0.039573 0.000000 0.000000 ))
(27.082500 ( 0.038249 0.000000 0.000000 ))
(27.098200 ( 0.036924 0.000000 0.000000 ))
(27.113900 ( 0.035573 0.000000 0.000000 ))
(27.129600 ( 0.034221 0.000000 0.000000 ))
(27.145300 ( 0.032846 0.000000 0.000000 ))
(27.161000 ( 0.031471 0.000000 0.000000 ))
(27.176700 ( 0.030077 0.000000 0.000000 ))
(27.192400 ( 0.028683 0.000000 0.000000 ))
(27.208100 ( 0.027273 0.000000 0.000000 ))
(27.223800 ( 0.025864 0.000000 0.000000 ))
(27.239500 ( 0.024443 0.000000 0.000000 ))
(27.255200 ( 0.023023 0.000000 0.000000 ))
(27.270900 ( 0.021596 0.000000 0.000000 ))
(27.286600 ( 0.020168 0.000000 0.000000 ))
(27.302300 ( 0.018739 0.000000 0.000000 ))
(27.318000 ( 0.017310 0.000000 0.000000 ))
(27.333700 ( 0.015884 0.000000 0.000000 ))
(27.349400 ( 0.014458 0.000000 0.000000 ))
(27.365100 ( 0.013040 0.000000 0.000000 ))
(27.380800 ( 0.011621 0.000000 0.000000 ))
(27.396500 ( 0.010215 0.000000 0.000000 ))
(27.412200 ( 0.008808 0.000000 0.000000 ))
(27.427900 ( 0.007419 0.000000 0.000000 ))
(27.443600 ( 0.006030 0.000000 0.000000 ))
(27.459300 ( 0.004662 0.000000 0.000000 ))
(27.475000 ( 0.003295 0.000000 0.000000 ))
(27.490700 ( 0.001954 0.000000 0.000000 ))
(27.506400 ( 0.000612 0.000000 0.000000 ))
(27.522100 ( -0.000698 0.000000 0.000000 ))
(27.537800 ( -0.002008 0.000000 0.000000 ))
(27.553500 ( -0.003283 0.000000 0.000000 ))
(27.569200 ( -0.004558 0.000000 0.000000 ))
(27.584900 ( -0.005794 0.000000 0.000000 ))
(27.600600 ( -0.007030 0.000000 0.000000 ))
(27.616300 ( -0.008223 0.000000 0.000000 ))
(27.632000 ( -0.009415 0.000000 0.000000 ))
(27.647700 ( -0.010562 0.000000 0.000000 ))
(27.663400 ( -0.011708 0.000000 0.000000 ))
(27.679100 ( -0.012805 0.000000 0.000000 ))
(27.694800 ( -0.013901 0.000000 0.000000 ))
(27.710500 ( -0.014945 0.000000 0.000000 ))
(27.726200 ( -0.015990 0.000000 0.000000 ))
(27.741900 ( -0.016979 0.000000 0.000000 ))
(27.757600 ( -0.017968 0.000000 0.000000 ))
(27.773300 ( -0.018900 0.000000 0.000000 ))
(27.789000 ( -0.019832 0.000000 0.000000 ))
(27.804700 ( -0.020705 0.000000 0.000000 ))
(27.820400 ( -0.021578 0.000000 0.000000 ))
(27.836100 ( -0.022391 0.000000 0.000000 ))
(27.851800 ( -0.023204 0.000000 0.000000 ))
(27.867500 ( -0.023955 0.000000 0.000000 ))
(27.883200 ( -0.024707 0.000000 0.000000 ))
(27.898900 ( -0.025396 0.000000 0.000000 ))
(27.914600 ( -0.026086 0.000000 0.000000 ))
(27.930300 ( -0.026714 0.000000 0.000000 ))
(27.946000 ( -0.027341 0.000000 0.000000 ))
(27.961700 ( -0.027907 0.000000 0.000000 ))
(27.977400 ( -0.028473 0.000000 0.000000 ))
(27.993100 ( -0.028977 0.000000 0.000000 ))
(28.008800 ( -0.029481 0.000000 0.000000 ))
(28.024500 ( -0.029925 0.000000 0.000000 ))
(28.040200 ( -0.030368 0.000000 0.000000 ))
(28.055900 ( -0.030753 0.000000 0.000000 ))
(28.071600 ( -0.031137 0.000000 0.000000 ))
(28.087300 ( -0.031463 0.000000 0.000000 ))
(28.103000 ( -0.031789 0.000000 0.000000 ))
(28.118700 ( -0.032060 0.000000 0.000000 ))
(28.134400 ( -0.032330 0.000000 0.000000 ))
(28.150100 ( -0.032546 0.000000 0.000000 ))
(28.165800 ( -0.032762 0.000000 0.000000 ))
(28.181500 ( -0.032927 0.000000 0.000000 ))
(28.197200 ( -0.033092 0.000000 0.000000 ))
(28.212900 ( -0.033208 0.000000 0.000000 ))
(28.228600 ( -0.033323 0.000000 0.000000 ))
(28.244300 ( -0.033393 0.000000 0.000000 ))
(28.260000 ( -0.033463 0.000000 0.000000 ))
(28.275700 ( -0.033490 0.000000 0.000000 ))
(28.291400 ( -0.033517 0.000000 0.000000 ))
(28.307100 ( -0.033504 0.000000 0.000000 ))
(28.322800 ( -0.033491 0.000000 0.000000 ))
(28.338500 ( -0.033442 0.000000 0.000000 ))
(28.354200 ( -0.033393 0.000000 0.000000 ))
(28.369900 ( -0.033311 0.000000 0.000000 ))
(28.385600 ( -0.033229 0.000000 0.000000 ))
(28.401300 ( -0.033117 0.000000 0.000000 ))
(28.417000 ( -0.033006 0.000000 0.000000 ))
(28.432700 ( -0.032869 0.000000 0.000000 ))
(28.448400 ( -0.032732 0.000000 0.000000 ))
(28.464100 ( -0.032573 0.000000 0.000000 ))
(28.479800 ( -0.032414 0.000000 0.000000 ))
(28.495500 ( -0.032237 0.000000 0.000000 ))
(28.511200 ( -0.032059 0.000000 0.000000 ))
(28.526900 ( -0.031867 0.000000 0.000000 ))
(28.542600 ( -0.031674 0.000000 0.000000 ))
(28.558300 ( -0.031470 0.000000 0.000000 ))
(28.574000 ( -0.031265 0.000000 0.000000 ))
(28.589700 ( -0.031053 0.000000 0.000000 ))
(28.605400 ( -0.030840 0.000000 0.000000 ))
(28.621100 ( -0.030623 0.000000 0.000000 ))
(28.636800 ( -0.030405 0.000000 0.000000 ))
(28.652500 ( -0.030186 0.000000 0.000000 ))
(28.668200 ( -0.029966 0.000000 0.000000 ))
(28.683900 ( -0.029748 0.000000 0.000000 ))
(28.699600 ( -0.029530 0.000000 0.000000 ))
(28.715300 ( -0.029315 0.000000 0.000000 ))
(28.731000 ( -0.029101 0.000000 0.000000 ))
(28.746700 ( -0.028892 0.000000 0.000000 ))
(28.762400 ( -0.028684 0.000000 0.000000 ))
(28.778100 ( -0.028485 0.000000 0.000000 ))
(28.793800 ( -0.028286 0.000000 0.000000 ))
(28.809500 ( -0.028098 0.000000 0.000000 ))
(28.825200 ( -0.027910 0.000000 0.000000 ))
(28.840900 ( -0.027735 0.000000 0.000000 ))
(28.856600 ( -0.027561 0.000000 0.000000 ))
(28.872300 ( -0.027401 0.000000 0.000000 ))
(28.888000 ( -0.027242 0.000000 0.000000 ))
(28.903700 ( -0.027100 0.000000 0.000000 ))
(28.919400 ( -0.026958 0.000000 0.000000 ))
(28.935100 ( -0.026834 0.000000 0.000000 ))
(28.950800 ( -0.026711 0.000000 0.000000 ))
(28.966500 ( -0.026608 0.000000 0.000000 ))
(28.982200 ( -0.026505 0.000000 0.000000 ))
(28.997900 ( -0.026423 0.000000 0.000000 ))
(29.013600 ( -0.026342 0.000000 0.000000 ))
(29.029300 ( -0.026283 0.000000 0.000000 ))
(29.045000 ( -0.026225 0.000000 0.000000 ))
(29.060700 ( -0.026190 0.000000 0.000000 ))
(29.076400 ( -0.026155 0.000000 0.000000 ))
(29.092100 ( -0.026145 0.000000 0.000000 ))
(29.107800 ( -0.026136 0.000000 0.000000 ))
(29.123500 ( -0.026151 0.000000 0.000000 ))
(29.139200 ( -0.026167 0.000000 0.000000 ))
(29.154900 ( -0.026209 0.000000 0.000000 ))
(29.170600 ( -0.026250 0.000000 0.000000 ))
(29.186300 ( -0.026319 0.000000 0.000000 ))
(29.202000 ( -0.026387 0.000000 0.000000 ))
(29.217700 ( -0.026482 0.000000 0.000000 ))
(29.233400 ( -0.026576 0.000000 0.000000 ))
(29.249100 ( -0.026698 0.000000 0.000000 ))
(29.264800 ( -0.026819 0.000000 0.000000 ))
(29.280500 ( -0.026968 0.000000 0.000000 ))
(29.296200 ( -0.027116 0.000000 0.000000 ))
(29.311900 ( -0.027290 0.000000 0.000000 ))
(29.327600 ( -0.027465 0.000000 0.000000 ))
(29.343300 ( -0.027665 0.000000 0.000000 ))
(29.359000 ( -0.027865 0.000000 0.000000 ))
(29.374700 ( -0.028090 0.000000 0.000000 ))
(29.390400 ( -0.028315 0.000000 0.000000 ))
(29.406100 ( -0.028564 0.000000 0.000000 ))
(29.421800 ( -0.028814 0.000000 0.000000 ))
(29.437500 ( -0.029086 0.000000 0.000000 ))
(29.453200 ( -0.029359 0.000000 0.000000 ))
(29.468900 ( -0.029654 0.000000 0.000000 ))
(29.484600 ( -0.029948 0.000000 0.000000 ))
(29.500300 ( -0.030264 0.000000 0.000000 ))
(29.516000 ( -0.030579 0.000000 0.000000 ))
(29.531700 ( -0.030914 0.000000 0.000000 ))
(29.547400 ( -0.031249 0.000000 0.000000 ))
(29.563100 ( -0.031601 0.000000 0.000000 ))
(29.578800 ( -0.031954 0.000000 0.000000 ))
(29.594500 ( -0.032323 0.000000 0.000000 ))
(29.610200 ( -0.032691 0.000000 0.000000 ))
(29.625900 ( -0.033075 0.000000 0.000000 ))
(29.641600 ( -0.033458 0.000000 0.000000 ))
(29.657300 ( -0.033854 0.000000 0.000000 ))
(29.673000 ( -0.034250 0.000000 0.000000 ))
(29.688700 ( -0.034656 0.000000 0.000000 ))
(29.704400 ( -0.035063 0.000000 0.000000 ))
(29.720100 ( -0.035479 0.000000 0.000000 ))
(29.735800 ( -0.035895 0.000000 0.000000 ))
(29.751500 ( -0.036317 0.000000 0.000000 ))
(29.767200 ( -0.036740 0.000000 0.000000 ))
(29.782900 ( -0.037168 0.000000 0.000000 ))
(29.798600 ( -0.037596 0.000000 0.000000 ))
(29.814300 ( -0.038027 0.000000 0.000000 ))
(29.830000 ( -0.038458 0.000000 0.000000 ))
(29.845700 ( -0.038891 0.000000 0.000000 ))
(29.861400 ( -0.039323 0.000000 0.000000 ))
(29.877100 ( -0.039755 0.000000 0.000000 ))
(29.892800 ( -0.040187 0.000000 0.000000 ))
(29.908500 ( -0.040616 0.000000 0.000000 ))
(29.924200 ( -0.041046 0.000000 0.000000 ))
(29.939900 ( -0.041471 0.000000 0.000000 ))
(29.955600 ( -0.041896 0.000000 0.000000 ))
(29.971300 ( 0.000000 0.000000 0.000000 ))
(29.987000 ( 0.000000 0.000000 0.000000 ))
)
